3568

3
170
299
466
595
762
891
1058
1187
1354
1483
1650
1779
1946
2075
2242
2371
2538
2667
2834
2963
3130
3259
3426
3555
154
283
450
579
746
875
1042
1171
1338
1467
1634
1763
1930
2059
2226
2355
2522
2651
2818
2947
3114
3243
3410
3539
138
267
434
563
730
859
1026
1155
1322
1451
1618
1747
1914
2043
2210
2339
2506
2635
2802
2931
3098
3227
3394
3523
122
251
418
547
714
843
1010
1139
1306
1435
1602
1731
1898
2027
2194
2323
2490
2619
2786
2915
3082
3211
3378
3507
106
235
402
531
698
827
994
1123
1290
1419
1586
1715
1882
2011
2178
2307
2474
2603
2770
2899
3066
3195
3362
3491
90
219
386
515
682
811
978
1107
1274
1403
1570
1699
1866
1995
2162
2291
2458
2587
2754
2883
3050
3179
3346
3475
74
203
370
499
666
795
962
1091
1258
1387
1554
1683
1850
1979
2146
2275
2442
2571
2738
2867
3034
3163
3330
3459
58
187
354
483
650
779
946
1075
1242
1371
1538
1667
1834
1963
2130
2259
2426
2555
2722
2851
3018
3147
3314
3443
42
171
338
467
634
763
930
1059
1226
1355
1522
1651
1818
1947
2114
2243
2410
2539
2706
2835
3002
3131
3298
3427
26
155
322
451
618
747
914
1043
1210
1339
1506
1635
1802
1931
2098
2227
2394
2523
2690
2819
2986
3115
3282
3411
10
139
306
435
602
731
898
1027
1194
1323
1490
1619
1786
1915
2082
2211
2378
2507
2674
2803
2970
3099
3266
3395
3562
123
290
419
586
715
882
1011
1178
1307
1474
1603
1770
1899
2066
2195
2362
2491
2658
2787
2954
3083
3250
3379
3546
107
274
403
570
699
866
995
1162
1291
1458
1587
1754
1883
2050
2179
2346
2475
2642
2771
2938
3067
3234
3363
3530
91
258
387
554
683
850
979
1146
1275
1442
1571
1738
1867
2034
2163
2330
2459
2626
2755
2922
3051
3218
3347
3514
75
242
371
538
667
834
963
1130
1259
1426
1555
1722
1851
2018
2147
2314
2443
2610
2739
2906
3035
3202
3331
3498
59
226
355
522
651
818
947
1114
1243
1410
1539
1706
1835
2002
2131
2298
2427
2594
2723
2890
3019
3186
3315
3482
43
210
339
506
635
802
931
1098
1227
1394
1523
1690
1819
1986
2115
2282
2411
2578
2707
2874
3003
3170
3299
3466
27
194
323
490
619
786
915
1082
1211
1378
1507
1674
1803
1970
2099
2266
2395
2562
2691
2858
2987
3154
3283
3450
11
178
307
474
603
770
899
1066
1195
1362
1491
1658
1787
1954
2083
2250
2379
2546
2675
2842
2971
3138
3267
3434
3563
162
291
458
587
754
883
1050
1179
1346
1475
1642
1771
1938
2067
2234
2363
2530
2659
2826
2955
3122
3251
3418
3547
146
275
442
571
738
867
1034
1163
1330
1459
1626
1755
1922
2051
2218
2347
2514
2643
2810
2939
3106
3235
3402
3531
130
259
426
555
722
851
1018
1147
1314
1443
1610
1739
1906
2035
2202
2331
2498
2627
2794
2923
3090
3219
3386
3515
114
243
410
539
706
835
1002
1131
1298
1427
1594
1723
1890
2019
2186
2315
2482
2611
2778
2907
3074
3203
3370
3499
98
227
394
523
690
819
986
1115
1282
1411
1578
1707
1874
2003
2170
2299
2466
2595
2762
2891
3058
3187
3354
3483
82
211
378
507
674
803
970
1099
1266
1395
1562
1691
1858
1987
2154
2283
2450
2579
2746
2875
3042
3171
3338
3467
66
195
362
491
658
787
954
1083
1250
1379
1546
1675
1842
1971
2138
2267
2434
2563
2730
2859
3026
3155
3322
3451
50
179
346
475
642
771
938
1067
1234
1363
1530
1659
1826
1955
2122
2251
2418
2547
2714
2843
3010
3139
3306
3435
34
163
330
459
626
755
922
1051
1218
1347
1514
1643
1810
1939
2106
2235
2402
2531
2698
2827
2994
3123
3290
3419
18
147
314
443
610
739
906
1035
1202
1331
1498
1627
1794
1923
2090
2219
2386
2515
2682
2811
2978
3107
3274
3403
2
131
298
427
594
723
890
1019
1186
1315
1482
1611
1778
1907
2074
2203
2370
2499
2666
2795
2962
3091
3258
3387
3554
115
282
411
578
707
874
1003
1170
1299
1466
1595
1762
1891
2058
2187
2354
2483
2650
2779
2946
3075
3242
3371
3538
99
266
395
562
691
858
987
1154
1283
1450
1579
1746
1875
2042
2171
2338
2467
2634
2763
2930
3059
3226
3355
3522
83
250
379
546
675
842
971
1138
1267
1434
1563
1730
1859
2026
2155
2322
2451
2618
2747
2914
3043
3210
3339
3506
67
234
363
530
659
826
955
1122
1251
1418
1547
1714
1843
2010
2139
2306
2435
2602
2731
2898
3027
3194
3323
3490
51
218
347
514
643
810
939
1106
1235
1402
1531
1698
1827
1994
2123
2290
2419
2586
2715
2882
3011
3178
3307
3474
35
202
331
498
627
794
923
1090
1219
1386
1515
1682
1811
1978
2107
2274
2403
2570
2699
2866
2995
3162
3291
3458
19
186
315
482
611
778
907
1074
1203
1370
1499
1666
1795
1962
2091
2258
2387
2554
2683
2850
2979
3146
3275
3442
1
168
249
416
497
664
745
912
993
1160
1241
1408
1489
1656
1737
1904
1985
2152
2233
2400
2481
2648
2729
2896
2977
3144
3225
3392
3473
72
153
320
401
568
649
816
897
1064
1145
1312
1393
1560
1641
1808
1889
2056
2137
2304
2385
2552
2633
2800
2881
3048
3129
3296
3377
3544
57
224
305
472
553
720
801
968
1049
1216
1297
1464
1545
1712
1793
1960
2041
2208
2289
2456
2537
2704
2785
2952
3033
3200
3281
3448
3529
128
209
376
457
624
705
872
953
1120
1201
1368
1449
1616
1697
1864
1945
2112
2193
2360
2441
2608
2689
2856
2937
3104
3185
3352
3433
32
113
280
361
528
609
776
857
1024
1105
1272
1353
1520
1601
1768
1849
2016
2097
2264
2345
2512
2593
2760
2841
3008
3089
3256
3337
3504
17
184
265
432
513
680
761
928
1009
1176
1257
1424
1505
1672
1753
1920
2001
2168
2249
2416
2497
2664
2745
2912
2993
3160
3241
3408
3489
88
169
336
417
584
665
832
913
1080
1161
1328
1409
1576
1657
1824
1905
2072
2153
2320
2401
2568
2649
2816
2897
3064
3145
3312
3393
3560
73
240
321
488
569
736
817
984
1065
1232
1313
1480
1561
1728
1809
1976
2057
2224
2305
2472
2553
2720
2801
2968
3049
3216
3297
3464
3545
144
225
392
473
640
721
888
969
1136
1217
1384
1465
1632
1713
1880
1961
2128
2209
2376
2457
2624
2705
2872
2953
3120
3201
3368
3449
48
129
296
377
544
625
792
873
1040
1121
1288
1369
1536
1617
1784
1865
2032
2113
2280
2361
2528
2609
2776
2857
3024
3105
3272
3353
3520
33
200
281
448
529
696
777
944
1025
1192
1273
1440
1521
1688
1769
1936
2017
2184
2265
2432
2513
2680
2761
2928
3009
3176
3257
3424
3505
104
185
352
433
600
681
848
929
1096
1177
1344
1425
1592
1673
1840
1921
2088
2169
2336
2417
2584
2665
2832
2913
3080
3161
3328
3409
8
89
256
337
504
585
752
833
1000
1081
1248
1329
1496
1577
1744
1825
1992
2073
2240
2321
2488
2569
2736
2817
2984
3065
3232
3313
3480
3561
160
241
408
489
656
737
904
985
1152
1233
1400
1481
1648
1729
1896
1977
2144
2225
2392
2473
2640
2721
2888
2969
3136
3217
3384
3465
64
145
312
393
560
641
808
889
1056
1137
1304
1385
1552
1633
1800
1881
2048
2129
2296
2377
2544
2625
2792
2873
3040
3121
3288
3369
3536
49
216
297
464
545
712
793
960
1041
1208
1289
1456
1537
1704
1785
1952
2033
2200
2281
2448
2529
2696
2777
2944
3025
3192
3273
3440
3521
120
201
368
449
616
697
864
945
1112
1193
1360
1441
1608
1689
1856
1937
2104
2185
2352
2433
2600
2681
2848
2929
3096
3177
3344
3425
24
105
272
353
520
601
768
849
1016
1097
1264
1345
1512
1593
1760
1841
2008
2089
2256
2337
2504
2585
2752
2833
3000
3081
3248
3329
3496
9
176
257
424
505
672
753
920
1001
1168
1249
1416
1497
1664
1745
1912
1993
2160
2241
2408
2489
2656
2737
2904
2985
3152
3233
3400
3481
80
161
328
409
576
657
824
905
1072
1153
1320
1401
1568
1649
1816
1897
2064
2145
2312
2393
2560
2641
2808
2889
3056
3137
3304
3385
3552
65
232
313
480
561
728
809
976
1057
1224
1305
1472
1553
1720
1801
1968
2049
2216
2297
2464
2545
2712
2793
2960
3041
3208
3289
3456
3537
136
217
384
465
632
713
880
961
1128
1209
1376
1457
1624
1705
1872
1953
2120
2201
2368
2449
2616
2697
2864
2945
3112
3193
3360
3441
40
121
288
369
536
617
784
865
1032
1113
1280
1361
1528
1609
1776
1857
2024
2105
2272
2353
2520
2601
2768
2849
3016
3097
3264
3345
3512
25
192
273
440
521
688
769
936
1017
1184
1265
1432
1513
1680
1761
1928
2009
2176
2257
2424
2505
2672
2753
2920
3001
3168
3249
3416
3497
96
177
344
425
592
673
840
921
1088
1169
1336
1417
1584
1665
1832
1913
2080
2161
2328
2409
2576
2657
2824
2905
3072
3153
3320
3401
0
81
248
329
496
577
744
825
992
1073
1240
1321
1488
1569
1736
1817
1984
2065
2232
2313
2480
2561
2728
2809
2976
3057
3224
3305
3472
3553
152
233
400
481
648
729
896
977
1144
1225
1392
1473
1640
1721
1888
1969
2136
2217
2384
2465
2632
2713
2880
2961
3128
3209
3376
3457
56
137
304
385
552
633
800
881
1048
1129
1296
1377
1544
1625
1792
1873
2040
2121
2288
2369
2536
2617
2784
2865
3032
3113
3280
3361
3528
41
208
289
456
537
704
785
952
1033
1200
1281
1448
1529
1696
1777
1944
2025
2192
2273
2440
2521
2688
2769
2936
3017
3184
3265
3432
3513
112
193
360
441
608
689
856
937
1104
1185
1352
1433
1600
1681
1848
1929
2096
2177
2344
2425
2592
2673
2840
2921
3088
3169
3336
3417
16
97
264
345
512
593
760
841
1008
1089
1256
1337
1504
1585
1752
1833
2000
2081
2248
2329
2496
2577
2744
2825
2992
3073
3240
3321
3488
7
174
383
550
759
926
1135
1302
1511
1678
1887
2054
2263
2430
2639
2806
3015
3182
3391
3558
199
366
575
742
951
1118
1327
1494
1703
1870
2079
2246
2455
2622
2831
2998
3207
3374
15
182
391
558
767
934
1143
1310
1519
1686
1895
2062
2271
2438
2647
2814
3023
3190
3399
3566
207
374
583
750
959
1126
1335
1502
1711
1878
2087
2254
2463
2630
2839
3006
3215
3382
23
190
399
566
775
942
1151
1318
1527
1694
1903
2070
2279
2446
2655
2822
3031
3198
3407
6
215
382
591
758
967
1134
1343
1510
1719
1886
2095
2262
2471
2638
2847
3014
3223
3390
31
198
407
574
783
950
1159
1326
1535
1702
1911
2078
2287
2454
2663
2830
3039
3206
3415
14
223
390
599
766
975
1142
1351
1518
1727
1894
2103
2270
2479
2646
2855
3022
3231
3398
39
206
415
582
791
958
1167
1334
1543
1710
1919
2086
2295
2462
2671
2838
3047
3214
3423
22
231
398
607
774
983
1150
1359
1526
1735
1902
2111
2278
2487
2654
2863
3030
3239
3406
47
214
423
590
799
966
1175
1342
1551
1718
1927
2094
2303
2470
2679
2846
3055
3222
3431
30
239
406
615
782
991
1158
1367
1534
1743
1910
2119
2286
2495
2662
2871
3038
3247
3414
55
222
431
598
807
974
1183
1350
1559
1726
1935
2102
2311
2478
2687
2854
3063
3230
3439
38
247
414
623
790
999
1166
1375
1542
1751
1918
2127
2294
2503
2670
2879
3046
3255
3422
63
230
439
606
815
982
1191
1358
1567
1734
1943
2110
2319
2486
2695
2862
3071
3238
3447
46
255
422
631
798
1007
1174
1383
1550
1759
1926
2135
2302
2511
2678
2887
3054
3263
3430
71
238
447
614
823
990
1199
1366
1575
1742
1951
2118
2327
2494
2703
2870
3079
3246
3455
54
263
430
639
806
1015
1182
1391
1558
1767
1934
2143
2310
2519
2686
2895
3062
3271
3438
79
246
455
622
831
998
1207
1374
1583
1750
1959
2126
2335
2502
2711
2878
3087
3254
3463
62
271
438
647
814
1023
1190
1399
1566
1775
1942
2151
2318
2527
2694
2903
3070
3279
3446
87
254
463
630
839
1006
1215
1382
1591
1758
1967
2134
2343
2510
2719
2886
3095
3262
3471
70
279
446
655
822
1031
1198
1407
1574
1783
1950
2159
2326
2535
2702
2911
3078
3287
3454
95
262
471
638
847
1014
1223
1390
1599
1766
1975
2142
2351
2518
2727
2894
3103
3270
3479
78
287
454
663
830
1039
1206
1415
1582
1791
1958
2167
2334
2543
2710
2919
3086
3295
3462
103
270
479
646
855
1022
1231
1398
1607
1774
1983
2150
2359
2526
2735
2902
3111
3278
3487
86
295
462
671
838
1047
1214
1423
1590
1799
1966
2175
2342
2551
2718
2927
3094
3303
3470
111
278
487
654
863
1030
1239
1406
1615
1782
1991
2158
2367
2534
2743
2910
3119
3286
3495
94
303
470
679
846
1055
1222
1431
1598
1807
1974
2183
2350
2559
2726
2935
3102
3311
3478
119
286
495
662
871
1038
1247
1414
1623
1790
1999
2166
2375
2542
2751
2918
3127
3294
3503
102
311
478
687
854
1063
1230
1439
1606
1815
1982
2191
2358
2567
2734
2943
3110
3319
3486
127
294
503
670
879
1046
1255
1422
1631
1798
2007
2174
2383
2550
2759
2926
3135
3302
3511
110
319
486
695
862
1071
1238
1447
1614
1823
1990
2199
2366
2575
2742
2951
3118
3327
3494
135
302
511
678
887
1054
1263
1430
1639
1806
2015
2182
2391
2558
2767
2934
3143
3310
3519
118
327
494
703
870
1079
1246
1455
1622
1831
1998
2207
2374
2583
2750
2959
3126
3335
3502
143
310
519
686
895
1062
1271
1438
1647
1814
2023
2190
2399
2566
2775
2942
3151
3318
3527
126
335
502
711
878
1087
1254
1463
1630
1839
2006
2215
2382
2591
2758
2967
3134
3343
3510
151
318
527
694
903
1070
1279
1446
1655
1822
2031
2198
2407
2574
2783
2950
3159
3326
3535
134
343
510
719
886
1095
1262
1471
1638
1847
2014
2223
2390
2599
2766
2975
3142
3351
3518
159
326
535
702
911
1078
1287
1454
1663
1830
2039
2206
2415
2582
2791
2958
3167
3334
3543
142
351
518
727
894
1103
1270
1479
1646
1855
2022
2231
2398
2607
2774
2983
3150
3359
3526
167
334
543
710
919
1086
1295
1462
1671
1838
2047
2214
2423
2590
2799
2966
3175
3342
3551
150
359
526
735
902
1111
1278
1487
1654
1863
2030
2239
2406
2615
2782
2991
3158
3367
3534
175
342
551
718
927
1094
1303
1470
1679
1846
2055
2222
2431
2598
2807
2974
3183
3350
3559
158
367
534
743
910
1119
1286
1495
1662
1871
2038
2247
2414
2623
2790
2999
3166
3375
3542
183
350
559
726
935
1102
1311
1478
1687
1854
2063
2230
2439
2606
2815
2982
3191
3358
3567
166
375
542
751
918
1127
1294
1503
1670
1879
2046
2255
2422
2631
2798
3007
3174
3383
3550
191
358
567
734
943
1110
1319
1486
1695
1862
2071
2238
2447
2614
2823
2990
3199
3366
5
172
349
516
693
860
1037
1204
1381
1548
1725
1892
2069
2236
2413
2580
2757
2924
3101
3268
3445
44
221
388
565
732
909
1076
1253
1420
1597
1764
1941
2108
2285
2452
2629
2796
2973
3140
3317
3484
93
260
437
604
781
948
1125
1292
1469
1636
1813
1980
2157
2324
2501
2668
2845
3012
3189
3356
3533
132
309
476
653
820
997
1164
1341
1508
1685
1852
2029
2196
2373
2540
2717
2884
3061
3228
3405
4
181
348
525
692
869
1036
1213
1380
1557
1724
1901
2068
2245
2412
2589
2756
2933
3100
3277
3444
53
220
397
564
741
908
1085
1252
1429
1596
1773
1940
2117
2284
2461
2628
2805
2972
3149
3316
3493
92
269
436
613
780
957
1124
1301
1468
1645
1812
1989
2156
2333
2500
2677
2844
3021
3188
3365
3532
141
308
485
652
829
996
1173
1340
1517
1684
1861
2028
2205
2372
2549
2716
2893
3060
3237
3404
13
180
357
524
701
868
1045
1212
1389
1556
1733
1900
2077
2244
2421
2588
2765
2932
3109
3276
3453
52
229
396
573
740
917
1084
1261
1428
1605
1772
1949
2116
2293
2460
2637
2804
2981
3148
3325
3492
101
268
445
612
789
956
1133
1300
1477
1644
1821
1988
2165
2332
2509
2676
2853
3020
3197
3364
3541
140
317
484
661
828
1005
1172
1349
1516
1693
1860
2037
2204
2381
2548
2725
2892
3069
3236
3413
12
189
356
533
700
877
1044
1221
1388
1565
1732
1909
2076
2253
2420
2597
2764
2941
3108
3285
3452
61
228
405
572
749
916
1093
1260
1437
1604
1781
1948
2125
2292
2469
2636
2813
2980
3157
3324
3501
100
277
444
621
788
965
1132
1309
1476
1653
1820
1997
2164
2341
2508
2685
2852
3029
3196
3373
3540
149
316
493
660
837
1004
1181
1348
1525
1692
1869
2036
2213
2380
2557
2724
2901
3068
3245
3412
21
188
365
532
709
876
1053
1220
1397
1564
1741
1908
2085
2252
2429
2596
2773
2940
3117
3284
3461
60
237
404
581
748
925
1092
1269
1436
1613
1780
1957
2124
2301
2468
2645
2812
2989
3156
3333
3500
109
276
453
620
797
964
1141
1308
1485
1652
1829
1996
2173
2340
2517
2684
2861
3028
3205
3372
3549
148
325
492
669
836
1013
1180
1357
1524
1701
1868
2045
2212
2389
2556
2733
2900
3077
3244
3421
20
197
364
541
708
885
1052
1229
1396
1573
1740
1917
2084
2261
2428
2605
2772
2949
3116
3293
3460
69
236
413
580
757
924
1101
1268
1445
1612
1789
1956
2133
2300
2477
2644
2821
2988
3165
3332
3509
108
285
452
629
796
973
1140
1317
1484
1661
1828
2005
2172
2349
2516
2693
2860
3037
3204
3381
3548
157
324
501
668
845
1012
1189
1356
1533
1700
1877
2044
2221
2388
2565
2732
2909
3076
3253
3420
29
196
373
540
717
884
1061
1228
1405
1572
1749
1916
2093
2260
2437
2604
2781
2948
3125
3292
3469
68
245
412
589
756
933
1100
1277
1444
1621
1788
1965
2132
2309
2476
2653
2820
2997
3164
3341
3508
117
284
461
628
805
972
1149
1316
1493
1660
1837
2004
2181
2348
2525
2692
2869
3036
3213
3380
3557
156
333
500
677
844
1021
1188
1365
1532
1709
1876
2053
2220
2397
2564
2741
2908
3085
3252
3429
28
205
372
549
716
893
1060
1237
1404
1581
1748
1925
2092
2269
2436
2613
2780
2957
3124
3301
3468
77
244
421
588
765
932
1109
1276
1453
1620
1797
1964
2141
2308
2485
2652
2829
2996
3173
3340
3517
116
293
460
637
804
981
1148
1325
1492
1669
1836
2013
2180
2357
2524
2701
2868
3045
3212
3389
3556
165
332
509
676
853
1020
1197
1364
1541
1708
1885
2052
2229
2396
2573
2740
2917
3084
3261
3428
37
204
381
548
725
892
1069
1236
1413
1580
1757
1924
2101
2268
2445
2612
2789
2956
3133
3300
3477
76
253
420
597
764
941
1108
1285
1452
1629
1796
1973
2140
2317
2484
2661
2828
3005
3172
3349
3516
125
292
469
636
813
980
1157
1324
1501
1668
1845
2012
2189
2356
2533
2700
2877
3044
3221
3388
3565
164
341
508
685
852
1029
1196
1373
1540
1717
1884
2061
2228
2405
2572
2749
2916
3093
3260
3437
36
213
380
557
724
901
1068
1245
1412
1589
1756
1933
2100
2277
2444
2621
2788
2965
3132
3309
3476
85
252
429
596
773
940
1117
1284
1461
1628
1805
1972
2149
2316
2493
2660
2837
3004
3181
3348
3525
124
301
468
645
812
989
1156
1333
1500
1677
1844
2021
2188
2365
2532
2709
2876
3053
3220
3397
3564
173
340
517
684
861
1028
1205
1372
1549
1716
1893
2060
2237
2404
2581
2748
2925
3092
3269
3436
45
212
389
556
733
900
1077
1244
1421
1588
1765
1932
2109
2276
2453
2620
2797
2964
3141
3308
3485
84
261
428
605
772
949
1116
1293
1460
1637
1804
1981
2148
2325
2492
2669
2836
3013
3180
3357
3524
133
300
477
644
821
988
1165
1332
1509
1676
1853
2020
2197
2364
2541
2708
2885
3052
3229
3396
