8920

4
171
300
467
596
763
892
1059
1188
1355
1484
1651
1780
1947
2076
2243
2372
2539
2668
2835
2964
3131
3260
3427
3556
3723
3852
4019
4148
4315
4444
4611
4740
4907
5036
5203
5332
5499
5628
5795
5924
6091
6220
6387
6516
6683
6812
6979
7108
7275
7404
7571
7700
7867
7996
8163
8292
8459
8588
8755
8884
131
260
427
556
723
852
1019
1148
1315
1444
1611
1740
1907
2036
2203
2332
2499
2628
2795
2924
3091
3220
3387
3516
3683
3812
3979
4108
4275
4404
4571
4700
4867
4996
5163
5292
5459
5588
5755
5884
6051
6180
6347
6476
6643
6772
6939
7068
7235
7364
7531
7660
7827
7956
8123
8252
8419
8548
8715
8844
91
220
387
516
683
812
979
1108
1275
1404
1571
1700
1867
1996
2163
2292
2459
2588
2755
2884
3051
3180
3347
3476
3643
3772
3939
4068
4235
4364
4531
4660
4827
4956
5123
5252
5419
5548
5715
5844
6011
6140
6307
6436
6603
6732
6899
7028
7195
7324
7491
7620
7787
7916
8083
8212
8379
8508
8675
8804
51
180
347
476
643
772
939
1068
1235
1364
1531
1660
1827
1956
2123
2252
2419
2548
2715
2844
3011
3140
3307
3436
3603
3732
3899
4028
4195
4324
4491
4620
4787
4916
5083
5212
5379
5508
5675
5804
5971
6100
6267
6396
6563
6692
6859
6988
7155
7284
7451
7580
7747
7876
8043
8172
8339
8468
8635
8764
11
140
307
436
603
732
899
1028
1195
1324
1491
1620
1787
1916
2083
2212
2379
2508
2675
2804
2971
3100
3267
3396
3563
3692
3859
3988
4155
4284
4451
4580
4747
4876
5043
5172
5339
5468
5635
5764
5931
6060
6227
6356
6523
6652
6819
6948
7115
7244
7411
7540
7707
7836
8003
8132
8299
8428
8595
8724
8891
100
267
396
563
692
859
988
1155
1284
1451
1580
1747
1876
2043
2172
2339
2468
2635
2764
2931
3060
3227
3356
3523
3652
3819
3948
4115
4244
4411
4540
4707
4836
5003
5132
5299
5428
5595
5724
5891
6020
6187
6316
6483
6612
6779
6908
7075
7204
7371
7500
7667
7796
7963
8092
8259
8388
8555
8684
8851
60
227
356
523
652
819
948
1115
1244
1411
1540
1707
1836
2003
2132
2299
2428
2595
2724
2891
3020
3187
3316
3483
3612
3779
3908
4075
4204
4371
4500
4667
4796
4963
5092
5259
5388
5555
5684
5851
5980
6147
6276
6443
6572
6739
6868
7035
7164
7331
7460
7627
7756
7923
8052
8219
8348
8515
8644
8811
20
187
316
483
612
779
908
1075
1204
1371
1500
1667
1796
1963
2092
2259
2388
2555
2684
2851
2980
3147
3276
3443
3572
3739
3868
4035
4164
4331
4460
4627
4756
4923
5052
5219
5348
5515
5644
5811
5940
6107
6236
6403
6532
6699
6828
6995
7124
7291
7420
7587
7716
7883
8012
8179
8308
8475
8604
8771
8900
147
276
443
572
739
868
1035
1164
1331
1460
1627
1756
1923
2052
2219
2348
2515
2644
2811
2940
3107
3236
3403
3532
3699
3828
3995
4124
4291
4420
4587
4716
4883
5012
5179
5308
5475
5604
5771
5900
6067
6196
6363
6492
6659
6788
6955
7084
7251
7380
7547
7676
7843
7972
8139
8268
8435
8564
8731
8860
107
236
403
532
699
828
995
1124
1291
1420
1587
1716
1883
2012
2179
2308
2475
2604
2771
2900
3067
3196
3363
3492
3659
3788
3955
4084
4251
4380
4547
4676
4843
4972
5139
5268
5435
5564
5731
5860
6027
6156
6323
6452
6619
6748
6915
7044
7211
7340
7507
7636
7803
7932
8099
8228
8395
8524
8691
8820
67
196
363
492
659
788
955
1084
1251
1380
1547
1676
1843
1972
2139
2268
2435
2564
2731
2860
3027
3156
3323
3452
3619
3748
3915
4044
4211
4340
4507
4636
4803
4932
5099
5228
5395
5524
5691
5820
5987
6116
6283
6412
6579
6708
6875
7004
7171
7300
7467
7596
7763
7892
8059
8188
8355
8484
8651
8780
27
156
323
452
619
748
915
1044
1211
1340
1507
1636
1803
1932
2099
2228
2395
2524
2691
2820
2987
3116
3283
3412
3579
3708
3875
4004
4171
4300
4467
4596
4763
4892
5059
5188
5355
5484
5651
5780
5947
6076
6243
6372
6539
6668
6835
6964
7131
7260
7427
7556
7723
7852
8019
8148
8315
8444
8611
8740
8907
116
283
412
579
708
875
1004
1171
1300
1467
1596
1763
1892
2059
2188
2355
2484
2651
2780
2947
3076
3243
3372
3539
3668
3835
3964
4131
4260
4427
4556
4723
4852
5019
5148
5315
5444
5611
5740
5907
6036
6203
6332
6499
6628
6795
6924
7091
7220
7387
7516
7683
7812
7979
8108
8275
8404
8571
8700
8867
76
243
372
539
668
835
964
1131
1260
1427
1556
1723
1852
2019
2148
2315
2444
2611
2740
2907
3036
3203
3332
3499
3628
3795
3924
4091
4220
4387
4516
4683
4812
4979
5108
5275
5404
5571
5700
5867
5996
6163
6292
6459
6588
6755
6884
7051
7180
7347
7476
7643
7772
7939
8068
8235
8364
8531
8660
8827
36
203
332
499
628
795
924
1091
1220
1387
1516
1683
1812
1979
2108
2275
2404
2571
2700
2867
2996
3163
3292
3459
3588
3755
3884
4051
4180
4347
4476
4643
4772
4939
5068
5235
5364
5531
5660
5827
5956
6123
6252
6419
6548
6715
6844
7011
7140
7307
7436
7603
7732
7899
8028
8195
8324
8491
8620
8787
8916
163
292
459
588
755
884
1051
1180
1347
1476
1643
1772
1939
2068
2235
2364
2531
2660
2827
2956
3123
3252
3419
3548
3715
3844
4011
4140
4307
4436
4603
4732
4899
5028
5195
5324
5491
5620
5787
5916
6083
6212
6379
6508
6675
6804
6971
7100
7267
7396
7563
7692
7859
7988
8155
8284
8451
8580
8747
8876
123
252
419
548
715
844
1011
1140
1307
1436
1603
1732
1899
2028
2195
2324
2491
2620
2787
2916
3083
3212
3379
3508
3675
3804
3971
4100
4267
4396
4563
4692
4859
4988
5155
5284
5451
5580
5747
5876
6043
6172
6339
6468
6635
6764
6931
7060
7227
7356
7523
7652
7819
7948
8115
8244
8411
8540
8707
8836
83
212
379
508
675
804
971
1100
1267
1396
1563
1692
1859
1988
2155
2284
2451
2580
2747
2876
3043
3172
3339
3468
3635
3764
3931
4060
4227
4356
4523
4652
4819
4948
5115
5244
5411
5540
5707
5836
6003
6132
6299
6428
6595
6724
6891
7020
7187
7316
7483
7612
7779
7908
8075
8204
8371
8500
8667
8796
43
172
339
468
635
764
931
1060
1227
1356
1523
1652
1819
1948
2115
2244
2411
2540
2707
2836
3003
3132
3299
3428
3595
3724
3891
4020
4187
4316
4483
4612
4779
4908
5075
5204
5371
5500
5667
5796
5963
6092
6259
6388
6555
6684
6851
6980
7147
7276
7443
7572
7739
7868
8035
8164
8331
8460
8627
8756
3
132
299
428
595
724
891
1020
1187
1316
1483
1612
1779
1908
2075
2204
2371
2500
2667
2796
2963
3092
3259
3388
3555
3684
3851
3980
4147
4276
4443
4572
4739
4868
5035
5164
5331
5460
5627
5756
5923
6052
6219
6348
6515
6644
6811
6940
7107
7236
7403
7532
7699
7828
7995
8124
8291
8420
8587
8716
8883
92
259
388
555
684
851
980
1147
1276
1443
1572
1739
1868
2035
2164
2331
2460
2627
2756
2923
3052
3219
3348
3515
3644
3811
3940
4107
4236
4403
4532
4699
4828
4995
5124
5291
5420
5587
5716
5883
6012
6179
6308
6475
6604
6771
6900
7067
7196
7363
7492
7659
7788
7955
8084
8251
8380
8547
8676
8843
52
219
348
515
644
811
940
1107
1236
1403
1532
1699
1828
1995
2124
2291
2420
2587
2716
2883
3012
3179
3308
3475
3604
3771
3900
4067
4196
4363
4492
4659
4788
4955
5084
5251
5380
5547
5676
5843
5972
6139
6268
6435
6564
6731
6860
7027
7156
7323
7452
7619
7748
7915
8044
8211
8340
8507
8636
8803
12
179
308
475
604
771
900
1067
1196
1363
1492
1659
1788
1955
2084
2251
2380
2547
2676
2843
2972
3139
3268
3435
3564
3731
3860
4027
4156
4323
4452
4619
4748
4915
5044
5211
5340
5507
5636
5803
5932
6099
6228
6395
6524
6691
6820
6987
7116
7283
7412
7579
7708
7875
8004
8171
8300
8467
8596
8763
8892
139
268
435
564
731
860
1027
1156
1323
1452
1619
1748
1915
2044
2211
2340
2507
2636
2803
2932
3099
3228
3395
3524
3691
3820
3987
4116
4283
4412
4579
4708
4875
5004
5171
5300
5467
5596
5763
5892
6059
6188
6355
6484
6651
6780
6947
7076
7243
7372
7539
7668
7835
7964
8131
8260
8427
8556
8723
8852
99
228
395
524
691
820
987
1116
1283
1412
1579
1708
1875
2004
2171
2300
2467
2596
2763
2892
3059
3188
3355
3484
3651
3780
3947
4076
4243
4372
4539
4668
4835
4964
5131
5260
5427
5556
5723
5852
6019
6148
6315
6444
6611
6740
6907
7036
7203
7332
7499
7628
7795
7924
8091
8220
8387
8516
8683
8812
59
188
355
484
651
780
947
1076
1243
1372
1539
1668
1835
1964
2131
2260
2427
2556
2723
2852
3019
3148
3315
3444
3611
3740
3907
4036
4203
4332
4499
4628
4795
4924
5091
5220
5387
5516
5683
5812
5979
6108
6275
6404
6571
6700
6867
6996
7163
7292
7459
7588
7755
7884
8051
8180
8347
8476
8643
8772
19
148
315
444
611
740
907
1036
1203
1332
1499
1628
1795
1924
2091
2220
2387
2516
2683
2812
2979
3108
3275
3404
3571
3700
3867
3996
4163
4292
4459
4588
4755
4884
5051
5180
5347
5476
5643
5772
5939
6068
6235
6364
6531
6660
6827
6956
7123
7252
7419
7548
7715
7844
8011
8140
8307
8436
8603
8732
8899
108
275
404
571
700
867
996
1163
1292
1459
1588
1755
1884
2051
2180
2347
2476
2643
2772
2939
3068
3235
3364
3531
3660
3827
3956
4123
4252
4419
4548
4715
4844
5011
5140
5307
5436
5603
5732
5899
6028
6195
6324
6491
6620
6787
6916
7083
7212
7379
7508
7675
7804
7971
8100
8267
8396
8563
8692
8859
68
235
364
531
660
827
956
1123
1252
1419
1548
1715
1844
2011
2140
2307
2436
2603
2732
2899
3028
3195
3324
3491
3620
3787
3916
4083
4212
4379
4508
4675
4804
4971
5100
5267
5396
5563
5692
5859
5988
6155
6284
6451
6580
6747
6876
7043
7172
7339
7468
7635
7764
7931
8060
8227
8356
8523
8652
8819
28
195
324
491
620
787
916
1083
1212
1379
1508
1675
1804
1971
2100
2267
2396
2563
2692
2859
2988
3155
3284
3451
3580
3747
3876
4043
4172
4339
4468
4635
4764
4931
5060
5227
5356
5523
5652
5819
5948
6115
6244
6411
6540
6707
6836
7003
7132
7299
7428
7595
7724
7891
8020
8187
8316
8483
8612
8779
8908
155
284
451
580
747
876
1043
1172
1339
1468
1635
1764
1931
2060
2227
2356
2523
2652
2819
2948
3115
3244
3411
3540
3707
3836
4003
4132
4299
4428
4595
4724
4891
5020
5187
5316
5483
5612
5779
5908
6075
6204
6371
6500
6667
6796
6963
7092
7259
7388
7555
7684
7851
7980
8147
8276
8443
8572
8739
8868
115
244
411
540
707
836
1003
1132
1299
1428
1595
1724
1891
2020
2187
2316
2483
2612
2779
2908
3075
3204
3371
3500
3667
3796
3963
4092
4259
4388
4555
4684
4851
4980
5147
5276
5443
5572
5739
5868
6035
6164
6331
6460
6627
6756
6923
7052
7219
7348
7515
7644
7811
7940
8107
8236
8403
8532
8699
8828
75
204
371
500
667
796
963
1092
1259
1388
1555
1684
1851
1980
2147
2276
2443
2572
2739
2868
3035
3164
3331
3460
3627
3756
3923
4052
4219
4348
4515
4644
4811
4940
5107
5236
5403
5532
5699
5828
5995
6124
6291
6420
6587
6716
6883
7012
7179
7308
7475
7604
7771
7900
8067
8196
8363
8492
8659
8788
35
164
331
460
627
756
923
1052
1219
1348
1515
1644
1811
1940
2107
2236
2403
2532
2699
2828
2995
3124
3291
3420
3587
3716
3883
4012
4179
4308
4475
4604
4771
4900
5067
5196
5363
5492
5659
5788
5955
6084
6251
6380
6547
6676
6843
6972
7139
7268
7435
7564
7731
7860
8027
8156
8323
8452
8619
8748
8915
124
291
420
587
716
883
1012
1179
1308
1475
1604
1771
1900
2067
2196
2363
2492
2659
2788
2955
3084
3251
3380
3547
3676
3843
3972
4139
4268
4435
4564
4731
4860
5027
5156
5323
5452
5619
5748
5915
6044
6211
6340
6507
6636
6803
6932
7099
7228
7395
7524
7691
7820
7987
8116
8283
8412
8579
8708
8875
84
251
380
547
676
843
972
1139
1268
1435
1564
1731
1860
2027
2156
2323
2452
2619
2748
2915
3044
3211
3340
3507
3636
3803
3932
4099
4228
4395
4524
4691
4820
4987
5116
5283
5412
5579
5708
5875
6004
6171
6300
6467
6596
6763
6892
7059
7188
7355
7484
7651
7780
7947
8076
8243
8372
8539
8668
8835
44
211
340
507
636
803
932
1099
1228
1395
1524
1691
1820
1987
2116
2283
2412
2579
2708
2875
3004
3171
3300
3467
3596
3763
3892
4059
4188
4355
4484
4651
4780
4947
5076
5243
5372
5539
5668
5835
5964
6131
6260
6427
6556
6723
6852
7019
7148
7315
7444
7611
7740
7907
8036
8203
8332
8499
8628
8795
2
169
250
417
498
665
746
913
994
1161
1242
1409
1490
1657
1738
1905
1986
2153
2234
2401
2482
2649
2730
2897
2978
3145
3226
3393
3474
3641
3722
3889
3970
4137
4218
4385
4466
4633
4714
4881
4962
5129
5210
5377
5458
5625
5706
5873
5954
6121
6202
6369
6450
6617
6698
6865
6946
7113
7194
7361
7442
7609
7690
7857
7938
8105
8186
8353
8434
8601
8682
8849
10
177
258
425
506
673
754
921
1002
1169
1250
1417
1498
1665
1746
1913
1994
2161
2242
2409
2490
2657
2738
2905
2986
3153
3234
3401
3482
3649
3730
3897
3978
4145
4226
4393
4474
4641
4722
4889
4970
5137
5218
5385
5466
5633
5714
5881
5962
6129
6210
6377
6458
6625
6706
6873
6954
7121
7202
7369
7450
7617
7698
7865
7946
8113
8194
8361
8442
8609
8690
8857
18
185
266
433
514
681
762
929
1010
1177
1258
1425
1506
1673
1754
1921
2002
2169
2250
2417
2498
2665
2746
2913
2994
3161
3242
3409
3490
3657
3738
3905
3986
4153
4234
4401
4482
4649
4730
4897
4978
5145
5226
5393
5474
5641
5722
5889
5970
6137
6218
6385
6466
6633
6714
6881
6962
7129
7210
7377
7458
7625
7706
7873
7954
8121
8202
8369
8450
8617
8698
8865
26
193
274
441
522
689
770
937
1018
1185
1266
1433
1514
1681
1762
1929
2010
2177
2258
2425
2506
2673
2754
2921
3002
3169
3250
3417
3498
3665
3746
3913
3994
4161
4242
4409
4490
4657
4738
4905
4986
5153
5234
5401
5482
5649
5730
5897
5978
6145
6226
6393
6474
6641
6722
6889
6970
7137
7218
7385
7466
7633
7714
7881
7962
8129
8210
8377
8458
8625
8706
8873
34
201
282
449
530
697
778
945
1026
1193
1274
1441
1522
1689
1770
1937
2018
2185
2266
2433
2514
2681
2762
2929
3010
3177
3258
3425
3506
3673
3754
3921
4002
4169
4250
4417
4498
4665
4746
4913
4994
5161
5242
5409
5490
5657
5738
5905
5986
6153
6234
6401
6482
6649
6730
6897
6978
7145
7226
7393
7474
7641
7722
7889
7970
8137
8218
8385
8466
8633
8714
8881
42
209
290
457
538
705
786
953
1034
1201
1282
1449
1530
1697
1778
1945
2026
2193
2274
2441
2522
2689
2770
2937
3018
3185
3266
3433
3514
3681
3762
3929
4010
4177
4258
4425
4506
4673
4754
4921
5002
5169
5250
5417
5498
5665
5746
5913
5994
6161
6242
6409
6490
6657
6738
6905
6986
7153
7234
7401
7482
7649
7730
7897
7978
8145
8226
8393
8474
8641
8722
8889
50
217
298
465
546
713
794
961
1042
1209
1290
1457
1538
1705
1786
1953
2034
2201
2282
2449
2530
2697
2778
2945
3026
3193
3274
3441
3522
3689
3770
3937
4018
4185
4266
4433
4514
4681
4762
4929
5010
5177
5258
5425
5506
5673
5754
5921
6002
6169
6250
6417
6498
6665
6746
6913
6994
7161
7242
7409
7490
7657
7738
7905
7986
8153
8234
8401
8482
8649
8730
8897
58
225
306
473
554
721
802
969
1050
1217
1298
1465
1546
1713
1794
1961
2042
2209
2290
2457
2538
2705
2786
2953
3034
3201
3282
3449
3530
3697
3778
3945
4026
4193
4274
4441
4522
4689
4770
4937
5018
5185
5266
5433
5514
5681
5762
5929
6010
6177
6258
6425
6506
6673
6754
6921
7002
7169
7250
7417
7498
7665
7746
7913
7994
8161
8242
8409
8490
8657
8738
8905
66
233
314
481
562
729
810
977
1058
1225
1306
1473
1554
1721
1802
1969
2050
2217
2298
2465
2546
2713
2794
2961
3042
3209
3290
3457
3538
3705
3786
3953
4034
4201
4282
4449
4530
4697
4778
4945
5026
5193
5274
5441
5522
5689
5770
5937
6018
6185
6266
6433
6514
6681
6762
6929
7010
7177
7258
7425
7506
7673
7754
7921
8002
8169
8250
8417
8498
8665
8746
8913
74
241
322
489
570
737
818
985
1066
1233
1314
1481
1562
1729
1810
1977
2058
2225
2306
2473
2554
2721
2802
2969
3050
3217
3298
3465
3546
3713
3794
3961
4042
4209
4290
4457
4538
4705
4786
4953
5034
5201
5282
5449
5530
5697
5778
5945
6026
6193
6274
6441
6522
6689
6770
6937
7018
7185
7266
7433
7514
7681
7762
7929
8010
8177
8258
8425
8506
8673
8754
1
82
249
330
497
578
745
826
993
1074
1241
1322
1489
1570
1737
1818
1985
2066
2233
2314
2481
2562
2729
2810
2977
3058
3225
3306
3473
3554
3721
3802
3969
4050
4217
4298
4465
4546
4713
4794
4961
5042
5209
5290
5457
5538
5705
5786
5953
6034
6201
6282
6449
6530
6697
6778
6945
7026
7193
7274
7441
7522
7689
7770
7937
8018
8185
8266
8433
8514
8681
8762
9
90
257
338
505
586
753
834
1001
1082
1249
1330
1497
1578
1745
1826
1993
2074
2241
2322
2489
2570
2737
2818
2985
3066
3233
3314
3481
3562
3729
3810
3977
4058
4225
4306
4473
4554
4721
4802
4969
5050
5217
5298
5465
5546
5713
5794
5961
6042
6209
6290
6457
6538
6705
6786
6953
7034
7201
7282
7449
7530
7697
7778
7945
8026
8193
8274
8441
8522
8689
8770
17
98
265
346
513
594
761
842
1009
1090
1257
1338
1505
1586
1753
1834
2001
2082
2249
2330
2497
2578
2745
2826
2993
3074
3241
3322
3489
3570
3737
3818
3985
4066
4233
4314
4481
4562
4729
4810
4977
5058
5225
5306
5473
5554
5721
5802
5969
6050
6217
6298
6465
6546
6713
6794
6961
7042
7209
7290
7457
7538
7705
7786
7953
8034
8201
8282
8449
8530
8697
8778
25
106
273
354
521
602
769
850
1017
1098
1265
1346
1513
1594
1761
1842
2009
2090
2257
2338
2505
2586
2753
2834
3001
3082
3249
3330
3497
3578
3745
3826
3993
4074
4241
4322
4489
4570
4737
4818
4985
5066
5233
5314
5481
5562
5729
5810
5977
6058
6225
6306
6473
6554
6721
6802
6969
7050
7217
7298
7465
7546
7713
7794
7961
8042
8209
8290
8457
8538
8705
8786
33
114
281
362
529
610
777
858
1025
1106
1273
1354
1521
1602
1769
1850
2017
2098
2265
2346
2513
2594
2761
2842
3009
3090
3257
3338
3505
3586
3753
3834
4001
4082
4249
4330
4497
4578
4745
4826
4993
5074
5241
5322
5489
5570
5737
5818
5985
6066
6233
6314
6481
6562
6729
6810
6977
7058
7225
7306
7473
7554
7721
7802
7969
8050
8217
8298
8465
8546
8713
8794
41
122
289
370
537
618
785
866
1033
1114
1281
1362
1529
1610
1777
1858
2025
2106
2273
2354
2521
2602
2769
2850
3017
3098
3265
3346
3513
3594
3761
3842
4009
4090
4257
4338
4505
4586
4753
4834
5001
5082
5249
5330
5497
5578
5745
5826
5993
6074
6241
6322
6489
6570
6737
6818
6985
7066
7233
7314
7481
7562
7729
7810
7977
8058
8225
8306
8473
8554
8721
8802
49
130
297
378
545
626
793
874
1041
1122
1289
1370
1537
1618
1785
1866
2033
2114
2281
2362
2529
2610
2777
2858
3025
3106
3273
3354
3521
3602
3769
3850
4017
4098
4265
4346
4513
4594
4761
4842
5009
5090
5257
5338
5505
5586
5753
5834
6001
6082
6249
6330
6497
6578
6745
6826
6993
7074
7241
7322
7489
7570
7737
7818
7985
8066
8233
8314
8481
8562
8729
8810
57
138
305
386
553
634
801
882
1049
1130
1297
1378
1545
1626
1793
1874
2041
2122
2289
2370
2537
2618
2785
2866
3033
3114
3281
3362
3529
3610
3777
3858
4025
4106
4273
4354
4521
4602
4769
4850
5017
5098
5265
5346
5513
5594
5761
5842
6009
6090
6257
6338
6505
6586
6753
6834
7001
7082
7249
7330
7497
7578
7745
7826
7993
8074
8241
8322
8489
8570
8737
8818
65
146
313
394
561
642
809
890
1057
1138
1305
1386
1553
1634
1801
1882
2049
2130
2297
2378
2545
2626
2793
2874
3041
3122
3289
3370
3537
3618
3785
3866
4033
4114
4281
4362
4529
4610
4777
4858
5025
5106
5273
5354
5521
5602
5769
5850
6017
6098
6265
6346
6513
6594
6761
6842
7009
7090
7257
7338
7505
7586
7753
7834
8001
8082
8249
8330
8497
8578
8745
8826
73
154
321
402
569
650
817
898
1065
1146
1313
1394
1561
1642
1809
1890
2057
2138
2305
2386
2553
2634
2801
2882
3049
3130
3297
3378
3545
3626
3793
3874
4041
4122
4289
4370
4537
4618
4785
4866
5033
5114
5281
5362
5529
5610
5777
5858
6025
6106
6273
6354
6521
6602
6769
6850
7017
7098
7265
7346
7513
7594
7761
7842
8009
8090
8257
8338
8505
8586
8753
8834
81
162
329
410
577
658
825
906
1073
1154
1321
1402
1569
1650
1817
1898
2065
2146
2313
2394
2561
2642
2809
2890
3057
3138
3305
3386
3553
3634
3801
3882
4049
4130
4297
4378
4545
4626
4793
4874
5041
5122
5289
5370
5537
5618
5785
5866
6033
6114
6281
6362
6529
6610
6777
6858
7025
7106
7273
7354
7521
7602
7769
7850
8017
8098
8265
8346
8513
8594
8761
8842
89
170
337
418
585
666
833
914
1081
1162
1329
1410
1577
1658
1825
1906
2073
2154
2321
2402
2569
2650
2817
2898
3065
3146
3313
3394
3561
3642
3809
3890
4057
4138
4305
4386
4553
4634
4801
4882
5049
5130
5297
5378
5545
5626
5793
5874
6041
6122
6289
6370
6537
6618
6785
6866
7033
7114
7281
7362
7529
7610
7777
7858
8025
8106
8273
8354
8521
8602
8769
8850
97
178
345
426
593
674
841
922
1089
1170
1337
1418
1585
1666
1833
1914
2081
2162
2329
2410
2577
2658
2825
2906
3073
3154
3321
3402
3569
3650
3817
3898
4065
4146
4313
4394
4561
4642
4809
4890
5057
5138
5305
5386
5553
5634
5801
5882
6049
6130
6297
6378
6545
6626
6793
6874
7041
7122
7289
7370
7537
7618
7785
7866
8033
8114
8281
8362
8529
8610
8777
8858
105
186
353
434
601
682
849
930
1097
1178
1345
1426
1593
1674
1841
1922
2089
2170
2337
2418
2585
2666
2833
2914
3081
3162
3329
3410
3577
3658
3825
3906
4073
4154
4321
4402
4569
4650
4817
4898
5065
5146
5313
5394
5561
5642
5809
5890
6057
6138
6305
6386
6553
6634
6801
6882
7049
7130
7297
7378
7545
7626
7793
7874
8041
8122
8289
8370
8537
8618
8785
8866
113
194
361
442
609
690
857
938
1105
1186
1353
1434
1601
1682
1849
1930
2097
2178
2345
2426
2593
2674
2841
2922
3089
3170
3337
3418
3585
3666
3833
3914
4081
4162
4329
4410
4577
4658
4825
4906
5073
5154
5321
5402
5569
5650
5817
5898
6065
6146
6313
6394
6561
6642
6809
6890
7057
7138
7305
7386
7553
7634
7801
7882
8049
8130
8297
8378
8545
8626
8793
8874
121
202
369
450
617
698
865
946
1113
1194
1361
1442
1609
1690
1857
1938
2105
2186
2353
2434
2601
2682
2849
2930
3097
3178
3345
3426
3593
3674
3841
3922
4089
4170
4337
4418
4585
4666
4833
4914
5081
5162
5329
5410
5577
5658
5825
5906
6073
6154
6321
6402
6569
6650
6817
6898
7065
7146
7313
7394
7561
7642
7809
7890
8057
8138
8305
8386
8553
8634
8801
8882
129
210
377
458
625
706
873
954
1121
1202
1369
1450
1617
1698
1865
1946
2113
2194
2361
2442
2609
2690
2857
2938
3105
3186
3353
3434
3601
3682
3849
3930
4097
4178
4345
4426
4593
4674
4841
4922
5089
5170
5337
5418
5585
5666
5833
5914
6081
6162
6329
6410
6577
6658
6825
6906
7073
7154
7321
7402
7569
7650
7817
7898
8065
8146
8313
8394
8561
8642
8809
8890
137
218
385
466
633
714
881
962
1129
1210
1377
1458
1625
1706
1873
1954
2121
2202
2369
2450
2617
2698
2865
2946
3113
3194
3361
3442
3609
3690
3857
3938
4105
4186
4353
4434
4601
4682
4849
4930
5097
5178
5345
5426
5593
5674
5841
5922
6089
6170
6337
6418
6585
6666
6833
6914
7081
7162
7329
7410
7577
7658
7825
7906
8073
8154
8321
8402
8569
8650
8817
8898
145
226
393
474
641
722
889
970
1137
1218
1385
1466
1633
1714
1881
1962
2129
2210
2377
2458
2625
2706
2873
2954
3121
3202
3369
3450
3617
3698
3865
3946
4113
4194
4361
4442
4609
4690
4857
4938
5105
5186
5353
5434
5601
5682
5849
5930
6097
6178
6345
6426
6593
6674
6841
6922
7089
7170
7337
7418
7585
7666
7833
7914
8081
8162
8329
8410
8577
8658
8825
8906
153
234
401
482
649
730
897
978
1145
1226
1393
1474
1641
1722
1889
1970
2137
2218
2385
2466
2633
2714
2881
2962
3129
3210
3377
3458
3625
3706
3873
3954
4121
4202
4369
4450
4617
4698
4865
4946
5113
5194
5361
5442
5609
5690
5857
5938
6105
6186
6353
6434
6601
6682
6849
6930
7097
7178
7345
7426
7593
7674
7841
7922
8089
8170
8337
8418
8585
8666
8833
8914
161
242
409
490
657
738
905
986
1153
1234
1401
1482
1649
1730
1897
1978
2145
2226
2393
2474
2641
2722
2889
2970
3137
3218
3385
3466
3633
3714
3881
3962
4129
4210
4377
4458
4625
4706
4873
4954
5121
5202
5369
5450
5617
5698
5865
5946
6113
6194
6361
6442
6609
6690
6857
6938
7105
7186
7353
7434
7601
7682
7849
7930
8097
8178
8345
8426
8593
8674
8841
8
175
384
551
760
927
1136
1303
1512
1679
1888
2055
2264
2431
2640
2807
3016
3183
3392
3559
3768
3935
4144
4311
4520
4687
4896
5063
5272
5439
5648
5815
6024
6191
6400
6567
6776
6943
7152
7319
7528
7695
7904
8071
8280
8447
8656
8823
112
279
488
655
864
1031
1240
1407
1616
1783
1992
2159
2368
2535
2744
2911
3120
3287
3496
3663
3872
4039
4248
4415
4624
4791
5000
5167
5376
5543
5752
5919
6128
6295
6504
6671
6880
7047
7256
7423
7632
7799
8008
8175
8384
8551
8760
7
216
383
592
759
968
1135
1344
1511
1720
1887
2096
2263
2472
2639
2848
3015
3224
3391
3600
3767
3976
4143
4352
4519
4728
4895
5104
5271
5480
5647
5856
6023
6232
6399
6608
6775
6984
7151
7360
7527
7736
7903
8112
8279
8488
8655
8864
111
320
487
696
863
1072
1239
1448
1615
1824
1991
2200
2367
2576
2743
2952
3119
3328
3495
3704
3871
4080
4247
4456
4623
4832
4999
5208
5375
5584
5751
5960
6127
6336
6503
6712
6879
7088
7255
7464
7631
7840
8007
8216
8383
8592
8759
48
215
424
591
800
967
1176
1343
1552
1719
1928
2095
2304
2471
2680
2847
3056
3223
3432
3599
3808
3975
4184
4351
4560
4727
4936
5103
5312
5479
5688
5855
6064
6231
6440
6607
6816
6983
7192
7359
7568
7735
7944
8111
8320
8487
8696
8863
152
319
528
695
904
1071
1280
1447
1656
1823
2032
2199
2408
2575
2784
2951
3160
3327
3536
3703
3912
4079
4288
4455
4664
4831
5040
5207
5416
5583
5792
5959
6168
6335
6544
6711
6920
7087
7296
7463
7672
7839
8048
8215
8424
8591
8800
47
256
423
632
799
1008
1175
1384
1551
1760
1927
2136
2303
2512
2679
2888
3055
3264
3431
3640
3807
4016
4183
4392
4559
4768
4935
5144
5311
5520
5687
5896
6063
6272
6439
6648
6815
7024
7191
7400
7567
7776
7943
8152
8319
8528
8695
8904
151
360
527
736
903
1112
1279
1488
1655
1864
2031
2240
2407
2616
2783
2992
3159
3368
3535
3744
3911
4120
4287
4496
4663
4872
5039
5248
5415
5624
5791
6000
6167
6376
6543
6752
6919
7128
7295
7504
7671
7880
8047
8256
8423
8632
8799
88
255
464
631
840
1007
1216
1383
1592
1759
1968
2135
2344
2511
2720
2887
3096
3263
3472
3639
3848
4015
4224
4391
4600
4767
4976
5143
5352
5519
5728
5895
6104
6271
6480
6647
6856
7023
7232
7399
7608
7775
7984
8151
8360
8527
8736
8903
192
359
568
735
944
1111
1320
1487
1696
1863
2072
2239
2448
2615
2824
2991
3200
3367
3576
3743
3952
4119
4328
4495
4704
4871
5080
5247
5456
5623
5832
5999
6208
6375
6584
6751
6960
7127
7336
7503
7712
7879
8088
8255
8464
8631
8840
87
296
463
672
839
1048
1215
1424
1591
1800
1967
2176
2343
2552
2719
2928
3095
3304
3471
3680
3847
4056
4223
4432
4599
4808
4975
5184
5351
5560
5727
5936
6103
6312
6479
6688
6855
7064
7231
7440
7607
7816
7983
8192
8359
8568
8735
24
191
400
567
776
943
1152
1319
1528
1695
1904
2071
2280
2447
2656
2823
3032
3199
3408
3575
3784
3951
4160
4327
4536
4703
4912
5079
5288
5455
5664
5831
6040
6207
6416
6583
6792
6959
7168
7335
7544
7711
7920
8087
8296
8463
8672
8839
128
295
504
671
880
1047
1256
1423
1632
1799
2008
2175
2384
2551
2760
2927
3136
3303
3512
3679
3888
4055
4264
4431
4640
4807
5016
5183
5392
5559
5768
5935
6144
6311
6520
6687
6896
7063
7272
7439
7648
7815
8024
8191
8400
8567
8776
23
232
399
608
775
984
1151
1360
1527
1736
1903
2112
2279
2488
2655
2864
3031
3240
3407
3616
3783
3992
4159
4368
4535
4744
4911
5120
5287
5496
5663
5872
6039
6248
6415
6624
6791
7000
7167
7376
7543
7752
7919
8128
8295
8504
8671
8880
127
336
503
712
879
1088
1255
1464
1631
1840
2007
2216
2383
2592
2759
2968
3135
3344
3511
3720
3887
4096
4263
4472
4639
4848
5015
5224
5391
5600
5767
5976
6143
6352
6519
6728
6895
7104
7271
7480
7647
7856
8023
8232
8399
8608
8775
64
231
440
607
816
983
1192
1359
1568
1735
1944
2111
2320
2487
2696
2863
3072
3239
3448
3615
3824
3991
4200
4367
4576
4743
4952
5119
5328
5495
5704
5871
6080
6247
6456
6623
6832
6999
7208
7375
7584
7751
7960
8127
8336
8503
8712
8879
168
335
544
711
920
1087
1296
1463
1672
1839
2048
2215
2424
2591
2800
2967
3176
3343
3552
3719
3928
4095
4304
4471
4680
4847
5056
5223
5432
5599
5808
5975
6184
6351
6560
6727
6936
7103
7312
7479
7688
7855
8064
8231
8440
8607
8816
63
272
439
648
815
1024
1191
1400
1567
1776
1943
2152
2319
2528
2695
2904
3071
3280
3447
3656
3823
4032
4199
4408
4575
4784
4951
5160
5327
5536
5703
5912
6079
6288
6455
6664
6831
7040
7207
7416
7583
7792
7959
8168
8335
8544
8711
8920
167
376
543
752
919
1128
1295
1504
1671
1880
2047
2256
2423
2632
2799
3008
3175
3384
3551
3760
3927
4136
4303
4512
4679
4888
5055
5264
5431
5640
5807
6016
6183
6392
6559
6768
6935
7144
7311
7520
7687
7896
8063
8272
8439
8648
8815
104
271
480
647
856
1023
1232
1399
1608
1775
1984
2151
2360
2527
2736
2903
3112
3279
3488
3655
3864
4031
4240
4407
4616
4783
4992
5159
5368
5535
5744
5911
6120
6287
6496
6663
6872
7039
7248
7415
7624
7791
8000
8167
8376
8543
8752
8919
208
375
584
751
960
1127
1336
1503
1712
1879
2088
2255
2464
2631
2840
3007
3216
3383
3592
3759
3968
4135
4344
4511
4720
4887
5096
5263
5472
5639
5848
6015
6224
6391
6600
6767
6976
7143
7352
7519
7728
7895
8104
8271
8480
8647
8856
103
312
479
688
855
1064
1231
1440
1607
1816
1983
2192
2359
2568
2735
2944
3111
3320
3487
3696
3863
4072
4239
4448
4615
4824
4991
5200
5367
5576
5743
5952
6119
6328
6495
6704
6871
7080
7247
7456
7623
7832
7999
8208
8375
8584
8751
40
207
416
583
792
959
1168
1335
1544
1711
1920
2087
2296
2463
2672
2839
3048
3215
3424
3591
3800
3967
4176
4343
4552
4719
4928
5095
5304
5471
5680
5847
6056
6223
6432
6599
6808
6975
7184
7351
7560
7727
7936
8103
8312
8479
8688
8855
144
311
520
687
896
1063
1272
1439
1648
1815
2024
2191
2400
2567
2776
2943
3152
3319
3528
3695
3904
4071
4280
4447
4656
4823
5032
5199
5408
5575
5784
5951
6160
6327
6536
6703
6912
7079
7288
7455
7664
7831
8040
8207
8416
8583
8792
39
248
415
624
791
1000
1167
1376
1543
1752
1919
2128
2295
2504
2671
2880
3047
3256
3423
3632
3799
4008
4175
4384
4551
4760
4927
5136
5303
5512
5679
5888
6055
6264
6431
6640
6807
7016
7183
7392
7559
7768
7935
8144
8311
8520
8687
8896
143
352
519
728
895
1104
1271
1480
1647
1856
2023
2232
2399
2608
2775
2984
3151
3360
3527
3736
3903
4112
4279
4488
4655
4864
5031
5240
5407
5616
5783
5992
6159
6368
6535
6744
6911
7120
7287
7496
7663
7872
8039
8248
8415
8624
8791
80
247
456
623
832
999
1208
1375
1584
1751
1960
2127
2336
2503
2712
2879
3088
3255
3464
3631
3840
4007
4216
4383
4592
4759
4968
5135
5344
5511
5720
5887
6096
6263
6472
6639
6848
7015
7224
7391
7600
7767
7976
8143
8352
8519
8728
8895
184
351
560
727
936
1103
1312
1479
1688
1855
2064
2231
2440
2607
2816
2983
3192
3359
3568
3735
3944
4111
4320
4487
4696
4863
5072
5239
5448
5615
5824
5991
6200
6367
6576
6743
6952
7119
7328
7495
7704
7871
8080
8247
8456
8623
8832
79
288
455
664
831
1040
1207
1416
1583
1792
1959
2168
2335
2544
2711
2920
3087
3296
3463
3672
3839
4048
4215
4424
4591
4800
4967
5176
5343
5552
5719
5928
6095
6304
6471
6680
6847
7056
7223
7432
7599
7808
7975
8184
8351
8560
8727
16
183
392
559
768
935
1144
1311
1520
1687
1896
2063
2272
2439
2648
2815
3024
3191
3400
3567
3776
3943
4152
4319
4528
4695
4904
5071
5280
5447
5656
5823
6032
6199
6408
6575
6784
6951
7160
7327
7536
7703
7912
8079
8288
8455
8664
8831
120
287
496
663
872
1039
1248
1415
1624
1791
2000
2167
2376
2543
2752
2919
3128
3295
3504
3671
3880
4047
4256
4423
4632
4799
5008
5175
5384
5551
5760
5927
6136
6303
6512
6679
6888
7055
7264
7431
7640
7807
8016
8183
8392
8559
8768
15
224
391
600
767
976
1143
1352
1519
1728
1895
2104
2271
2480
2647
2856
3023
3232
3399
3608
3775
3984
4151
4360
4527
4736
4903
5112
5279
5488
5655
5864
6031
6240
6407
6616
6783
6992
7159
7368
7535
7744
7911
8120
8287
8496
8663
8872
119
328
495
704
871
1080
1247
1456
1623
1832
1999
2208
2375
2584
2751
2960
3127
3336
3503
3712
3879
4088
4255
4464
4631
4840
5007
5216
5383
5592
5759
5968
6135
6344
6511
6720
6887
7096
7263
7472
7639
7848
8015
8224
8391
8600
8767
56
223
432
599
808
975
1184
1351
1560
1727
1936
2103
2312
2479
2688
2855
3064
3231
3440
3607
3816
3983
4192
4359
4568
4735
4944
5111
5320
5487
5696
5863
6072
6239
6448
6615
6824
6991
7200
7367
7576
7743
7952
8119
8328
8495
8704
8871
160
327
536
703
912
1079
1288
1455
1664
1831
2040
2207
2416
2583
2792
2959
3168
3335
3544
3711
3920
4087
4296
4463
4672
4839
5048
5215
5424
5591
5800
5967
6176
6343
6552
6719
6928
7095
7304
7471
7680
7847
8056
8223
8432
8599
8808
55
264
431
640
807
1016
1183
1392
1559
1768
1935
2144
2311
2520
2687
2896
3063
3272
3439
3648
3815
4024
4191
4400
4567
4776
4943
5152
5319
5528
5695
5904
6071
6280
6447
6656
6823
7032
7199
7408
7575
7784
7951
8160
8327
8536
8703
8912
159
368
535
744
911
1120
1287
1496
1663
1872
2039
2248
2415
2624
2791
3000
3167
3376
3543
3752
3919
4128
4295
4504
4671
4880
5047
5256
5423
5632
5799
6008
6175
6384
6551
6760
6927
7136
7303
7512
7679
7888
8055
8264
8431
8640
8807
96
263
472
639
848
1015
1224
1391
1600
1767
1976
2143
2352
2519
2728
2895
3104
3271
3480
3647
3856
4023
4232
4399
4608
4775
4984
5151
5360
5527
5736
5903
6112
6279
6488
6655
6864
7031
7240
7407
7616
7783
7992
8159
8368
8535
8744
8911
200
367
576
743
952
1119
1328
1495
1704
1871
2080
2247
2456
2623
2832
2999
3208
3375
3584
3751
3960
4127
4336
4503
4712
4879
5088
5255
5464
5631
5840
6007
6216
6383
6592
6759
6968
7135
7344
7511
7720
7887
8096
8263
8472
8639
8848
95
304
471
680
847
1056
1223
1432
1599
1808
1975
2184
2351
2560
2727
2936
3103
3312
3479
3688
3855
4064
4231
4440
4607
4816
4983
5192
5359
5568
5735
5944
6111
6320
6487
6696
6863
7072
7239
7448
7615
7824
7991
8200
8367
8576
8743
32
199
408
575
784
951
1160
1327
1536
1703
1912
2079
2288
2455
2664
2831
3040
3207
3416
3583
3792
3959
4168
4335
4544
4711
4920
5087
5296
5463
5672
5839
6048
6215
6424
6591
6800
6967
7176
7343
7552
7719
7928
8095
8304
8471
8680
8847
136
303
512
679
888
1055
1264
1431
1640
1807
2016
2183
2392
2559
2768
2935
3144
3311
3520
3687
3896
4063
4272
4439
4648
4815
5024
5191
5400
5567
5776
5943
6152
6319
6528
6695
6904
7071
7280
7447
7656
7823
8032
8199
8408
8575
8784
31
240
407
616
783
992
1159
1368
1535
1744
1911
2120
2287
2496
2663
2872
3039
3248
3415
3624
3791
4000
4167
4376
4543
4752
4919
5128
5295
5504
5671
5880
6047
6256
6423
6632
6799
7008
7175
7384
7551
7760
7927
8136
8303
8512
8679
8888
135
344
511
720
887
1096
1263
1472
1639
1848
2015
2224
2391
2600
2767
2976
3143
3352
3519
3728
3895
4104
4271
4480
4647
4856
5023
5232
5399
5608
5775
5984
6151
6360
6527
6736
6903
7112
7279
7488
7655
7864
8031
8240
8407
8616
8783
72
239
448
615
824
991
1200
1367
1576
1743
1952
2119
2328
2495
2704
2871
3080
3247
3456
3623
3832
3999
4208
4375
4584
4751
4960
5127
5336
5503
5712
5879
6088
6255
6464
6631
6840
7007
7216
7383
7592
7759
7968
8135
8344
8511
8720
8887
176
343
552
719
928
1095
1304
1471
1680
1847
2056
2223
2432
2599
2808
2975
3184
3351
3560
3727
3936
4103
4312
4479
4688
4855
5064
5231
5440
5607
5816
5983
6192
6359
6568
6735
6944
7111
7320
7487
7696
7863
8072
8239
8448
8615
8824
71
280
447
656
823
1032
1199
1408
1575
1784
1951
2160
2327
2536
2703
2912
3079
3288
3455
3664
3831
4040
4207
4416
4583
4792
4959
5168
5335
5544
5711
5920
6087
6296
6463
6672
6839
7048
7215
7424
7591
7800
7967
8176
8343
8552
8719
6
173
350
517
694
861
1038
1205
1382
1549
1726
1893
2070
2237
2414
2581
2758
2925
3102
3269
3446
3613
3790
3957
4134
4301
4478
4645
4822
4989
5166
5333
5510
5677
5854
6021
6198
6365
6542
6709
6886
7053
7230
7397
7574
7741
7918
8085
8262
8429
8606
8773
30
197
374
541
718
885
1062
1229
1406
1573
1750
1917
2094
2261
2438
2605
2782
2949
3126
3293
3470
3637
3814
3981
4158
4325
4502
4669
4846
5013
5190
5357
5534
5701
5878
6045
6222
6389
6566
6733
6910
7077
7254
7421
7598
7765
7942
8109
8286
8453
8630
8797
54
221
398
565
742
909
1086
1253
1430
1597
1774
1941
2118
2285
2462
2629
2806
2973
3150
3317
3494
3661
3838
4005
4182
4349
4526
4693
4870
5037
5214
5381
5558
5725
5902
6069
6246
6413
6590
6757
6934
7101
7278
7445
7622
7789
7966
8133
8310
8477
8654
8821
78
245
422
589
766
933
1110
1277
1454
1621
1798
1965
2142
2309
2486
2653
2830
2997
3174
3341
3518
3685
3862
4029
4206
4373
4550
4717
4894
5061
5238
5405
5582
5749
5926
6093
6270
6437
6614
6781
6958
7125
7302
7469
7646
7813
7990
8157
8334
8501
8678
8845
102
269
446
613
790
957
1134
1301
1478
1645
1822
1989
2166
2333
2510
2677
2854
3021
3198
3365
3542
3709
3886
4053
4230
4397
4574
4741
4918
5085
5262
5429
5606
5773
5950
6117
6294
6461
6638
6805
6982
7149
7326
7493
7670
7837
8014
8181
8358
8525
8702
8869
126
293
470
637
814
981
1158
1325
1502
1669
1846
2013
2190
2357
2534
2701
2878
3045
3222
3389
3566
3733
3910
4077
4254
4421
4598
4765
4942
5109
5286
5453
5630
5797
5974
6141
6318
6485
6662
6829
7006
7173
7350
7517
7694
7861
8038
8205
8382
8549
8726
8893
150
317
494
661
838
1005
1182
1349
1526
1693
1870
2037
2214
2381
2558
2725
2902
3069
3246
3413
3590
3757
3934
4101
4278
4445
4622
4789
4966
5133
5310
5477
5654
5821
5998
6165
6342
6509
6686
6853
7030
7197
7374
7541
7718
7885
8062
8229
8406
8573
8750
8917
174
341
518
685
862
1029
1206
1373
1550
1717
1894
2061
2238
2405
2582
2749
2926
3093
3270
3437
3614
3781
3958
4125
4302
4469
4646
4813
4990
5157
5334
5501
5678
5845
6022
6189
6366
6533
6710
6877
7054
7221
7398
7565
7742
7909
8086
8253
8430
8597
8774
21
198
365
542
709
886
1053
1230
1397
1574
1741
1918
2085
2262
2429
2606
2773
2950
3117
3294
3461
3638
3805
3982
4149
4326
4493
4670
4837
5014
5181
5358
5525
5702
5869
6046
6213
6390
6557
6734
6901
7078
7245
7422
7589
7766
7933
8110
8277
8454
8621
8798
45
222
389
566
733
910
1077
1254
1421
1598
1765
1942
2109
2286
2453
2630
2797
2974
3141
3318
3485
3662
3829
4006
4173
4350
4517
4694
4861
5038
5205
5382
5549
5726
5893
6070
6237
6414
6581
6758
6925
7102
7269
7446
7613
7790
7957
8134
8301
8478
8645
8822
69
246
413
590
757
934
1101
1278
1445
1622
1789
1966
2133
2310
2477
2654
2821
2998
3165
3342
3509
3686
3853
4030
4197
4374
4541
4718
4885
5062
5229
5406
5573
5750
5917
6094
6261
6438
6605
6782
6949
7126
7293
7470
7637
7814
7981
8158
8325
8502
8669
8846
93
270
437
614
781
958
1125
1302
1469
1646
1813
1990
2157
2334
2501
2678
2845
3022
3189
3366
3533
3710
3877
4054
4221
4398
4565
4742
4909
5086
5253
5430
5597
5774
5941
6118
6285
6462
6629
6806
6973
7150
7317
7494
7661
7838
8005
8182
8349
8526
8693
8870
117
294
461
638
805
982
1149
1326
1493
1670
1837
2014
2181
2358
2525
2702
2869
3046
3213
3390
3557
3734
3901
4078
4245
4422
4589
4766
4933
5110
5277
5454
5621
5798
5965
6142
6309
6486
6653
6830
6997
7174
7341
7518
7685
7862
8029
8206
8373
8550
8717
8894
141
318
485
662
829
1006
1173
1350
1517
1694
1861
2038
2205
2382
2549
2726
2893
3070
3237
3414
3581
3758
3925
4102
4269
4446
4613
4790
4957
5134
5301
5478
5645
5822
5989
6166
6333
6510
6677
6854
7021
7198
7365
7542
7709
7886
8053
8230
8397
8574
8741
8918
165
342
509
686
853
1030
1197
1374
1541
1718
1885
2062
2229
2406
2573
2750
2917
3094
3261
3438
3605
3782
3949
4126
4293
4470
4637
4814
4981
5158
5325
5502
5669
5846
6013
6190
6357
6534
6701
6878
7045
7222
7389
7566
7733
7910
8077
8254
8421
8598
8765
22
189
366
533
710
877
1054
1221
1398
1565
1742
1909
2086
2253
2430
2597
2774
2941
3118
3285
3462
3629
3806
3973
4150
4317
4494
4661
4838
5005
5182
5349
5526
5693
5870
6037
6214
6381
6558
6725
6902
7069
7246
7413
7590
7757
7934
8101
8278
8445
8622
8789
46
213
390
557
734
901
1078
1245
1422
1589
1766
1933
2110
2277
2454
2621
2798
2965
3142
3309
3486
3653
3830
3997
4174
4341
4518
4685
4862
5029
5206
5373
5550
5717
5894
6061
6238
6405
6582
6749
6926
7093
7270
7437
7614
7781
7958
8125
8302
8469
8646
8813
70
237
414
581
758
925
1102
1269
1446
1613
1790
1957
2134
2301
2478
2645
2822
2989
3166
3333
3510
3677
3854
4021
4198
4365
4542
4709
4886
5053
5230
5397
5574
5741
5918
6085
6262
6429
6606
6773
6950
7117
7294
7461
7638
7805
7982
8149
8326
8493
8670
8837
94
261
438
605
782
949
1126
1293
1470
1637
1814
1981
2158
2325
2502
2669
2846
3013
3190
3357
3534
3701
3878
4045
4222
4389
4566
4733
4910
5077
5254
5421
5598
5765
5942
6109
6286
6453
6630
6797
6974
7141
7318
7485
7662
7829
8006
8173
8350
8517
8694
8861
118
285
462
629
806
973
1150
1317
1494
1661
1838
2005
2182
2349
2526
2693
2870
3037
3214
3381
3558
3725
3902
4069
4246
4413
4590
4757
4934
5101
5278
5445
5622
5789
5966
6133
6310
6477
6654
6821
6998
7165
7342
7509
7686
7853
8030
8197
8374
8541
8718
8885
142
309
486
653
830
997
1174
1341
1518
1685
1862
2029
2206
2373
2550
2717
2894
3061
3238
3405
3582
3749
3926
4093
4270
4437
4614
4781
4958
5125
5302
5469
5646
5813
5990
6157
6334
6501
6678
6845
7022
7189
7366
7533
7710
7877
8054
8221
8398
8565
8742
8909
166
333
510
677
854
1021
1198
1365
1542
1709
1886
2053
2230
2397
2574
2741
2918
3085
3262
3429
3606
3773
3950
4117
4294
4461
4638
4805
4982
5149
5326
5493
5670
5837
6014
6181
6358
6525
6702
6869
7046
7213
7390
7557
7734
7901
8078
8245
8422
8589
8766
13
190
357
534
701
878
1045
1222
1389
1566
1733
1910
2077
2254
2421
2598
2765
2942
3109
3286
3453
3630
3797
3974
4141
4318
4485
4662
4829
5006
5173
5350
5517
5694
5861
6038
6205
6382
6549
6726
6893
7070
7237
7414
7581
7758
7925
8102
8269
8446
8613
8790
37
214
381
558
725
902
1069
1246
1413
1590
1757
1934
2101
2278
2445
2622
2789
2966
3133
3310
3477
3654
3821
3998
4165
4342
4509
4686
4853
5030
5197
5374
5541
5718
5885
6062
6229
6406
6573
6750
6917
7094
7261
7438
7605
7782
7949
8126
8293
8470
8637
8814
61
238
405
582
749
926
1093
1270
1437
1614
1781
1958
2125
2302
2469
2646
2813
2990
3157
3334
3501
3678
3845
4022
4189
4366
4533
4710
4877
5054
5221
5398
5565
5742
5909
6086
6253
6430
6597
6774
6941
7118
7285
7462
7629
7806
7973
8150
8317
8494
8661
8838
85
262
429
606
773
950
1117
1294
1461
1638
1805
1982
2149
2326
2493
2670
2837
3014
3181
3358
3525
3702
3869
4046
4213
4390
4557
4734
4901
5078
5245
5422
5589
5766
5933
6110
6277
6454
6621
6798
6965
7142
7309
7486
7653
7830
7997
8174
8341
8518
8685
8862
109
286
453
630
797
974
1141
1318
1485
1662
1829
2006
2173
2350
2517
2694
2861
3038
3205
3382
3549
3726
3893
4070
4237
4414
4581
4758
4925
5102
5269
5446
5613
5790
5957
6134
6301
6478
6645
6822
6989
7166
7333
7510
7677
7854
8021
8198
8365
8542
8709
8886
133
310
477
654
821
998
1165
1342
1509
1686
1853
2030
2197
2374
2541
2718
2885
3062
3229
3406
3573
3750
3917
4094
4261
4438
4605
4782
4949
5126
5293
5470
5637
5814
5981
6158
6325
6502
6669
6846
7013
7190
7357
7534
7701
7878
8045
8222
8389
8566
8733
8910
157
334
501
678
845
1022
1189
1366
1533
1710
1877
2054
2221
2398
2565
2742
2909
3086
3253
3430
3597
3774
3941
4118
4285
4462
4629
4806
4973
5150
5317
5494
5661
5838
6005
6182
6349
6526
6693
6870
7037
7214
7381
7558
7725
7902
8069
8246
8413
8590
8757
14
181
358
525
702
869
1046
1213
1390
1557
1734
1901
2078
2245
2422
2589
2766
2933
3110
3277
3454
3621
3798
3965
4142
4309
4486
4653
4830
4997
5174
5341
5518
5685
5862
6029
6206
6373
6550
6717
6894
7061
7238
7405
7582
7749
7926
8093
8270
8437
8614
8781
38
205
382
549
726
893
1070
1237
1414
1581
1758
1925
2102
2269
2446
2613
2790
2957
3134
3301
3478
3645
3822
3989
4166
4333
4510
4677
4854
5021
5198
5365
5542
5709
5886
6053
6230
6397
6574
6741
6918
7085
7262
7429
7606
7773
7950
8117
8294
8461
8638
8805
62
229
406
573
750
917
1094
1261
1438
1605
1782
1949
2126
2293
2470
2637
2814
2981
3158
3325
3502
3669
3846
4013
4190
4357
4534
4701
4878
5045
5222
5389
5566
5733
5910
6077
6254
6421
6598
6765
6942
7109
7286
7453
7630
7797
7974
8141
8318
8485
8662
8829
86
253
430
597
774
941
1118
1285
1462
1629
1806
1973
2150
2317
2494
2661
2838
3005
3182
3349
3526
3693
3870
4037
4214
4381
4558
4725
4902
5069
5246
5413
5590
5757
5934
6101
6278
6445
6622
6789
6966
7133
7310
7477
7654
7821
7998
8165
8342
8509
8686
8853
110
277
454
621
798
965
1142
1309
1486
1653
1830
1997
2174
2341
2518
2685
2862
3029
3206
3373
3550
3717
3894
4061
4238
4405
4582
4749
4926
5093
5270
5437
5614
5781
5958
6125
6302
6469
6646
6813
6990
7157
7334
7501
7678
7845
8022
8189
8366
8533
8710
8877
134
301
478
645
822
989
1166
1333
1510
1677
1854
2021
2198
2365
2542
2709
2886
3053
3230
3397
3574
3741
3918
4085
4262
4429
4606
4773
4950
5117
5294
5461
5638
5805
5982
6149
6326
6493
6670
6837
7014
7181
7358
7525
7702
7869
8046
8213
8390
8557
8734
8901
158
325
502
669
846
1013
1190
1357
1534
1701
1878
2045
2222
2389
2566
2733
2910
3077
3254
3421
3598
3765
3942
4109
4286
4453
4630
4797
4974
5141
5318
5485
5662
5829
6006
6173
6350
6517
6694
6861
7038
7205
7382
7549
7726
7893
8070
8237
8414
8581
8758
5
182
349
526
693
870
1037
1214
1381
1558
1725
1902
2069
2246
2413
2590
2757
2934
3101
3278
3445
3622
3789
3966
4133
4310
4477
4654
4821
4998
5165
5342
5509
5686
5853
6030
6197
6374
6541
6718
6885
7062
7229
7406
7573
7750
7917
8094
8261
8438
8605
8782
29
206
373
550
717
894
1061
1238
1405
1582
1749
1926
2093
2270
2437
2614
2781
2958
3125
3302
3469
3646
3813
3990
4157
4334
4501
4678
4845
5022
5189
5366
5533
5710
5877
6054
6221
6398
6565
6742
6909
7086
7253
7430
7597
7774
7941
8118
8285
8462
8629
8806
53
230
397
574
741
918
1085
1262
1429
1606
1773
1950
2117
2294
2461
2638
2805
2982
3149
3326
3493
3670
3837
4014
4181
4358
4525
4702
4869
5046
5213
5390
5557
5734
5901
6078
6245
6422
6589
6766
6933
7110
7277
7454
7621
7798
7965
8142
8309
8486
8653
8830
77
254
421
598
765
942
1109
1286
1453
1630
1797
1974
2141
2318
2485
2662
2829
3006
3173
3350
3517
3694
3861
4038
4205
4382
4549
4726
4893
5070
5237
5414
5581
5758
5925
6102
6269
6446
6613
6790
6957
7134
7301
7478
7645
7822
7989
8166
8333
8510
8677
8854
101
278
445
622
789
966
1133
1310
1477
1654
1821
1998
2165
2342
2509
2686
2853
3030
3197
3374
3541
3718
3885
4062
4229
4406
4573
4750
4917
5094
5261
5438
5605
5782
5949
6126
6293
6470
6637
6814
6981
7158
7325
7502
7669
7846
8013
8190
8357
8534
8701
8878
125
302
469
646
813
990
1157
1334
1501
1678
1845
2022
2189
2366
2533
2710
2877
3054
3221
3398
3565
3742
3909
4086
4253
4430
4597
4774
4941
5118
5285
5462
5629
5806
5973
6150
6317
6494
6661
6838
7005
7182
7349
7526
7693
7870
8037
8214
8381
8558
8725
8902
149
326
493
670
837
1014
1181
1358
1525
1702
1869
2046
2213
2390
2557
2734
2901
3078
3245
3422
3589
3766
3933
4110
4277
4454
4621
4798
4965
5142
5309
5486
5653
5830
5997
6174
6341
6518
6685
6862
7029
7206
7373
7550
7717
7894
8061
8238
8405
8582
8749
