1784

1613
4
171
300
467
596
763
892
1059
1188
1355
1484
1651
1780
163
292
459
588
755
884
1051
1180
1347
1476
1643
1772
155
284
451
580
747
876
1043
1172
1339
1468
1635
1764
147
276
443
572
739
868
1035
1164
1331
1460
1627
1756
139
268
435
564
731
860
1027
1156
1323
1452
1619
1748
131
260
427
556
723
852
1019
1148
1315
1444
1611
1740
123
252
419
548
715
844
1011
1140
1307
1436
1603
1732
115
244
411
540
707
836
1003
1132
1299
1428
1595
1724
107
236
403
532
699
828
995
1124
1291
1420
1587
1716
99
228
395
524
691
820
987
1116
1283
1412
1579
1708
91
220
387
516
683
812
979
1108
1275
1404
1571
1700
83
212
379
508
675
804
971
1100
1267
1396
1563
1692
75
204
371
500
667
796
963
1092
1259
1388
1555
1684
67
196
363
492
659
788
955
1084
1251
1380
1547
1676
59
188
355
484
651
780
947
1076
1243
1372
1539
1668
51
180
347
476
643
772
939
1068
1235
1364
1531
1660
43
172
339
468
635
764
931
1060
1227
1356
1523
1652
35
164
331
460
627
756
923
1052
1219
1348
1515
1644
27
156
323
452
619
748
915
1044
1211
1340
1507
1636
19
148
315
444
611
740
907
1036
1203
1332
1499
1628
11
140
307
436
603
732
899
1028
1195
1324
1491
1620
3
132
299
428
595
724
891
1020
1187
1316
1483
1612
1779
124
291
420
587
716
883
1012
1179
1308
1475
1604
1771
116
283
412
579
708
875
1004
1171
1300
1467
1596
1763
108
275
404
571
700
867
996
1163
1292
1459
1588
1755
100
267
396
563
692
859
988
1155
1284
1451
1580
1747
92
259
388
555
684
851
980
1147
1276
1443
1572
1739
84
251
380
547
676
843
972
1139
1268
1435
1564
1731
76
243
372
539
668
835
964
1131
1260
1427
1556
1723
68
235
364
531
660
827
956
1123
1252
1419
1548
1715
60
227
356
523
652
819
948
1115
1244
1411
1540
1707
52
219
348
515
644
811
940
1107
1236
1403
1532
1699
44
211
340
507
636
803
932
1099
1228
1395
1524
1691
36
203
332
499
628
795
924
1091
1220
1387
1516
1683
28
195
324
491
620
787
916
1083
1212
1379
1508
1675
20
187
316
483
612
779
908
1075
1204
1371
1500
1667
12
179
308
475
604
771
900
1067
1196
1363
1492
1659
2
169
250
417
498
665
746
913
994
1161
1242
1409
1490
1657
1738
121
202
369
450
617
698
865
946
1113
1194
1361
1442
1609
1690
73
154
321
402
569
650
817
898
1065
1146
1313
1394
1561
1642
25
106
273
354
521
602
769
850
1017
1098
1265
1346
1513
1594
1761
58
225
306
473
554
721
802
969
1050
1217
1298
1465
1546
1713
10
177
258
425
506
673
754
921
1002
1169
1250
1417
1498
1665
1746
129
210
377
458
625
706
873
954
1121
1202
1369
1450
1617
1698
81
162
329
410
577
658
825
906
1073
1154
1321
1402
1569
1650
33
114
281
362
529
610
777
858
1025
1106
1273
1354
1521
1602
1769
66
233
314
481
562
729
810
977
1058
1225
1306
1473
1554
1721
18
185
266
433
514
681
762
929
1010
1177
1258
1425
1506
1673
1754
137
218
385
466
633
714
881
962
1129
1210
1377
1458
1625
1706
89
170
337
418
585
666
833
914
1081
1162
1329
1410
1577
1658
41
122
289
370
537
618
785
866
1033
1114
1281
1362
1529
1610
1777
74
241
322
489
570
737
818
985
1066
1233
1314
1481
1562
1729
26
193
274
441
522
689
770
937
1018
1185
1266
1433
1514
1681
1762
145
226
393
474
641
722
889
970
1137
1218
1385
1466
1633
1714
97
178
345
426
593
674
841
922
1089
1170
1337
1418
1585
1666
49
130
297
378
545
626
793
874
1041
1122
1289
1370
1537
1618
1
82
249
330
497
578
745
826
993
1074
1241
1322
1489
1570
1737
34
201
282
449
530
697
778
945
1026
1193
1274
1441
1522
1689
1770
153
234
401
482
649
730
897
978
1145
1226
1393
1474
1641
1722
105
186
353
434
601
682
849
930
1097
1178
1345
1426
1593
1674
57
138
305
386
553
634
801
882
1049
1130
1297
1378
1545
1626
9
90
257
338
505
586
753
834
1001
1082
1249
1330
1497
1578
1745
42
209
290
457
538
705
786
953
1034
1201
1282
1449
1530
1697
1778
161
242
409
490
657
738
905
986
1153
1234
1401
1482
1649
1730
113
194
361
442
609
690
857
938
1105
1186
1353
1434
1601
1682
65
146
313
394
561
642
809
890
1057
1138
1305
1386
1553
1634
17
98
265
346
513
594
761
842
1009
1090
1257
1338
1505
1586
1753
50
217
298
465
546
713
794
961
1042
1209
1290
1457
1538
1705
8
175
384
551
760
927
1136
1303
1512
1679
104
271
480
647
856
1023
1232
1399
1608
1775
200
367
576
743
952
1119
1328
1495
1704
87
296
463
672
839
1048
1215
1424
1591
16
183
392
559
768
935
1144
1311
1520
1687
112
279
488
655
864
1031
1240
1407
1616
1783
208
375
584
751
960
1127
1336
1503
1712
95
304
471
680
847
1056
1223
1432
1599
24
191
400
567
776
943
1152
1319
1528
1695
120
287
496
663
872
1039
1248
1415
1624
7
216
383
592
759
968
1135
1344
1511
1720
103
312
479
688
855
1064
1231
1440
1607
32
199
408
575
784
951
1160
1327
1536
1703
128
295
504
671
880
1047
1256
1423
1632
15
224
391
600
767
976
1143
1352
1519
1728
111
320
487
696
863
1072
1239
1448
1615
40
207
416
583
792
959
1168
1335
1544
1711
136
303
512
679
888
1055
1264
1431
1640
23
232
399
608
775
984
1151
1360
1527
1736
119
328
495
704
871
1080
1247
1456
1623
48
215
424
591
800
967
1176
1343
1552
1719
144
311
520
687
896
1063
1272
1439
1648
31
240
407
616
783
992
1159
1368
1535
1744
127
336
503
712
879
1088
1255
1464
1631
56
223
432
599
808
975
1184
1351
1560
1727
152
319
528
695
904
1071
1280
1447
1656
39
248
415
624
791
1000
1167
1376
1543
1752
135
344
511
720
887
1096
1263
1472
1639
64
231
440
607
816
983
1192
1359
1568
1735
160
327
536
703
912
1079
1288
1455
1664
47
256
423
632
799
1008
1175
1384
1551
1760
143
352
519
728
895
1104
1271
1480
1647
72
239
448
615
824
991
1200
1367
1576
1743
168
335
544
711
920
1087
1296
1463
1672
55
264
431
640
807
1016
1183
1392
1559
1768
151
360
527
736
903
1112
1279
1488
1655
80
247
456
623
832
999
1208
1375
1584
1751
176
343
552
719
928
1095
1304
1471
1680
63
272
439
648
815
1024
1191
1400
1567
1776
159
368
535
744
911
1120
1287
1496
1663
88
255
464
631
840
1007
1216
1383
1592
1759
184
351
560
727
936
1103
1312
1479
1688
71
280
447
656
823
1032
1199
1408
1575
1784
167
376
543
752
919
1128
1295
1504
1671
96
263
472
639
848
1015
1224
1391
1600
1767
192
359
568
735
944
1111
1320
1487
1696
79
288
455
664
831
1040
1207
1416
1583
6
173
350
517
694
861
1038
1205
1382
1549
1726
109
286
453
630
797
974
1141
1318
1485
1662
45
222
389
566
733
910
1077
1254
1421
1598
1765
158
325
502
669
846
1013
1190
1357
1534
1701
94
261
438
605
782
949
1126
1293
1470
1637
30
197
374
541
718
885
1062
1229
1406
1573
1750
133
310
477
654
821
998
1165
1342
1509
1686
69
246
413
590
757
934
1101
1278
1445
1622
5
182
349
526
693
870
1037
1214
1381
1558
1725
118
285
462
629
806
973
1150
1317
1494
1661
54
221
398
565
742
909
1086
1253
1430
1597
1774
157
334
501
678
845
1022
1189
1366
1533
1710
93
270
437
614
781
958
1125
1302
1469
1646
29
206
373
550
717
894
1061
1238
1405
1582
1749
142
309
486
653
830
997
1174
1341
1518
1685
78
245
422
589
766
933
1110
1277
1454
1621
14
181
358
525
702
869
1046
1213
1390
1557
1734
117
294
461
638
805
982
1149
1326
1493
1670
53
230
397
574
741
918
1085
1262
1429
1606
1773
166
333
510
677
854
1021
1198
1365
1542
1709
102
269
446
613
790
957
1134
1301
1478
1645
38
205
382
549
726
893
1070
1237
1414
1581
1758
141
318
485
662
829
1006
1173
1350
1517
1694
77
254
421
598
765
942
1109
1286
1453
1630
13
190
357
534
701
878
1045
1222
1389
1566
1733
126
293
470
637
814
981
1158
1325
1502
1669
62
229
406
573
750
917
1094
1261
1438
1605
1782
165
342
509
686
853
1030
1197
1374
1541
1718
101
278
445
622
789
966
1133
1310
1477
1654
37
214
381
558
725
902
1069
1246
1413
1590
1757
150
317
494
661
838
1005
1182
1349
1526
1693
86
253
430
597
774
941
1118
1285
1462
1629
22
189
366
533
710
877
1054
1221
1398
1565
1742
125
302
469
646
813
990
1157
1334
1501
1678
61
238
405
582
749
926
1093
1270
1437
1614
1781
174
341
518
685
862
1029
1206
1373
1550
1717
110
277
454
621
798
965
1142
1309
1486
1653
46
213
390
557
734
901
1078
1245
1422
1589
1766
149
326
493
670
837
1014
1181
1358
1525
1702
85
262
429
606
773
950
1117
1294
1461
1638
21
198
365
542
709
886
1053
1230
1397
1574
1741
134
301
478
645
822
989
1166
1333
1510
1677
70
237
414
581
758
925
1102
1269
1446
