7136

3
170
299
466
595
762
891
1058
1187
1354
1483
1650
1779
1946
2075
2242
2371
2538
2667
2834
2963
3130
3259
3426
3555
3722
3851
4018
4147
4314
4443
4610
4739
4906
5035
5202
5331
5498
5627
5794
5923
6090
6219
6386
6515
6682
6811
6978
7107
138
267
434
563
730
859
1026
1155
1322
1451
1618
1747
1914
2043
2210
2339
2506
2635
2802
2931
3098
3227
3394
3523
3690
3819
3986
4115
4282
4411
4578
4707
4874
5003
5170
5299
5466
5595
5762
5891
6058
6187
6354
6483
6650
6779
6946
7075
106
235
402
531
698
827
994
1123
1290
1419
1586
1715
1882
2011
2178
2307
2474
2603
2770
2899
3066
3195
3362
3491
3658
3787
3954
4083
4250
4379
4546
4675
4842
4971
5138
5267
5434
5563
5730
5859
6026
6155
6322
6451
6618
6747
6914
7043
74
203
370
499
666
795
962
1091
1258
1387
1554
1683
1850
1979
2146
2275
2442
2571
2738
2867
3034
3163
3330
3459
3626
3755
3922
4051
4218
4347
4514
4643
4810
4939
5106
5235
5402
5531
5698
5827
5994
6123
6290
6419
6586
6715
6882
7011
42
171
338
467
634
763
930
1059
1226
1355
1522
1651
1818
1947
2114
2243
2410
2539
2706
2835
3002
3131
3298
3427
3594
3723
3890
4019
4186
4315
4482
4611
4778
4907
5074
5203
5370
5499
5666
5795
5962
6091
6258
6387
6554
6683
6850
6979
10
139
306
435
602
731
898
1027
1194
1323
1490
1619
1786
1915
2082
2211
2378
2507
2674
2803
2970
3099
3266
3395
3562
3691
3858
3987
4154
4283
4450
4579
4746
4875
5042
5171
5338
5467
5634
5763
5930
6059
6226
6355
6522
6651
6818
6947
7114
107
274
403
570
699
866
995
1162
1291
1458
1587
1754
1883
2050
2179
2346
2475
2642
2771
2938
3067
3234
3363
3530
3659
3826
3955
4122
4251
4418
4547
4714
4843
5010
5139
5306
5435
5602
5731
5898
6027
6194
6323
6490
6619
6786
6915
7082
75
242
371
538
667
834
963
1130
1259
1426
1555
1722
1851
2018
2147
2314
2443
2610
2739
2906
3035
3202
3331
3498
3627
3794
3923
4090
4219
4386
4515
4682
4811
4978
5107
5274
5403
5570
5699
5866
5995
6162
6291
6458
6587
6754
6883
7050
43
210
339
506
635
802
931
1098
1227
1394
1523
1690
1819
1986
2115
2282
2411
2578
2707
2874
3003
3170
3299
3466
3595
3762
3891
4058
4187
4354
4483
4650
4779
4946
5075
5242
5371
5538
5667
5834
5963
6130
6259
6426
6555
6722
6851
7018
11
178
307
474
603
770
899
1066
1195
1362
1491
1658
1787
1954
2083
2250
2379
2546
2675
2842
2971
3138
3267
3434
3563
3730
3859
4026
4155
4322
4451
4618
4747
4914
5043
5210
5339
5506
5635
5802
5931
6098
6227
6394
6523
6690
6819
6986
7115
146
275
442
571
738
867
1034
1163
1330
1459
1626
1755
1922
2051
2218
2347
2514
2643
2810
2939
3106
3235
3402
3531
3698
3827
3994
4123
4290
4419
4586
4715
4882
5011
5178
5307
5474
5603
5770
5899
6066
6195
6362
6491
6658
6787
6954
7083
114
243
410
539
706
835
1002
1131
1298
1427
1594
1723
1890
2019
2186
2315
2482
2611
2778
2907
3074
3203
3370
3499
3666
3795
3962
4091
4258
4387
4554
4683
4850
4979
5146
5275
5442
5571
5738
5867
6034
6163
6330
6459
6626
6755
6922
7051
82
211
378
507
674
803
970
1099
1266
1395
1562
1691
1858
1987
2154
2283
2450
2579
2746
2875
3042
3171
3338
3467
3634
3763
3930
4059
4226
4355
4522
4651
4818
4947
5114
5243
5410
5539
5706
5835
6002
6131
6298
6427
6594
6723
6890
7019
50
179
346
475
642
771
938
1067
1234
1363
1530
1659
1826
1955
2122
2251
2418
2547
2714
2843
3010
3139
3306
3435
3602
3731
3898
4027
4194
4323
4490
4619
4786
4915
5082
5211
5378
5507
5674
5803
5970
6099
6266
6395
6562
6691
6858
6987
18
147
314
443
610
739
906
1035
1202
1331
1498
1627
1794
1923
2090
2219
2386
2515
2682
2811
2978
3107
3274
3403
3570
3699
3866
3995
4162
4291
4458
4587
4754
4883
5050
5179
5346
5475
5642
5771
5938
6067
6234
6363
6530
6659
6826
6955
7122
115
282
411
578
707
874
1003
1170
1299
1466
1595
1762
1891
2058
2187
2354
2483
2650
2779
2946
3075
3242
3371
3538
3667
3834
3963
4130
4259
4426
4555
4722
4851
5018
5147
5314
5443
5610
5739
5906
6035
6202
6331
6498
6627
6794
6923
7090
83
250
379
546
675
842
971
1138
1267
1434
1563
1730
1859
2026
2155
2322
2451
2618
2747
2914
3043
3210
3339
3506
3635
3802
3931
4098
4227
4394
4523
4690
4819
4986
5115
5282
5411
5578
5707
5874
6003
6170
6299
6466
6595
6762
6891
7058
51
218
347
514
643
810
939
1106
1235
1402
1531
1698
1827
1994
2123
2290
2419
2586
2715
2882
3011
3178
3307
3474
3603
3770
3899
4066
4195
4362
4491
4658
4787
4954
5083
5250
5379
5546
5675
5842
5971
6138
6267
6434
6563
6730
6859
7026
19
186
315
482
611
778
907
1074
1203
1370
1499
1666
1795
1962
2091
2258
2387
2554
2683
2850
2979
3146
3275
3442
3571
3738
3867
4034
4163
4330
4459
4626
4755
4922
5051
5218
5347
5514
5643
5810
5939
6106
6235
6402
6531
6698
6827
6994
7123
154
283
450
579
746
875
1042
1171
1338
1467
1634
1763
1930
2059
2226
2355
2522
2651
2818
2947
3114
3243
3410
3539
3706
3835
4002
4131
4298
4427
4594
4723
4890
5019
5186
5315
5482
5611
5778
5907
6074
6203
6370
6499
6666
6795
6962
7091
122
251
418
547
714
843
1010
1139
1306
1435
1602
1731
1898
2027
2194
2323
2490
2619
2786
2915
3082
3211
3378
3507
3674
3803
3970
4099
4266
4395
4562
4691
4858
4987
5154
5283
5450
5579
5746
5875
6042
6171
6338
6467
6634
6763
6930
7059
90
219
386
515
682
811
978
1107
1274
1403
1570
1699
1866
1995
2162
2291
2458
2587
2754
2883
3050
3179
3346
3475
3642
3771
3938
4067
4234
4363
4530
4659
4826
4955
5122
5251
5418
5547
5714
5843
6010
6139
6306
6435
6602
6731
6898
7027
58
187
354
483
650
779
946
1075
1242
1371
1538
1667
1834
1963
2130
2259
2426
2555
2722
2851
3018
3147
3314
3443
3610
3739
3906
4035
4202
4331
4498
4627
4794
4923
5090
5219
5386
5515
5682
5811
5978
6107
6274
6403
6570
6699
6866
6995
26
155
322
451
618
747
914
1043
1210
1339
1506
1635
1802
1931
2098
2227
2394
2523
2690
2819
2986
3115
3282
3411
3578
3707
3874
4003
4170
4299
4466
4595
4762
4891
5058
5187
5354
5483
5650
5779
5946
6075
6242
6371
6538
6667
6834
6963
7130
123
290
419
586
715
882
1011
1178
1307
1474
1603
1770
1899
2066
2195
2362
2491
2658
2787
2954
3083
3250
3379
3546
3675
3842
3971
4138
4267
4434
4563
4730
4859
5026
5155
5322
5451
5618
5747
5914
6043
6210
6339
6506
6635
6802
6931
7098
91
258
387
554
683
850
979
1146
1275
1442
1571
1738
1867
2034
2163
2330
2459
2626
2755
2922
3051
3218
3347
3514
3643
3810
3939
4106
4235
4402
4531
4698
4827
4994
5123
5290
5419
5586
5715
5882
6011
6178
6307
6474
6603
6770
6899
7066
59
226
355
522
651
818
947
1114
1243
1410
1539
1706
1835
2002
2131
2298
2427
2594
2723
2890
3019
3186
3315
3482
3611
3778
3907
4074
4203
4370
4499
4666
4795
4962
5091
5258
5387
5554
5683
5850
5979
6146
6275
6442
6571
6738
6867
7034
27
194
323
490
619
786
915
1082
1211
1378
1507
1674
1803
1970
2099
2266
2395
2562
2691
2858
2987
3154
3283
3450
3579
3746
3875
4042
4171
4338
4467
4634
4763
4930
5059
5226
5355
5522
5651
5818
5947
6114
6243
6410
6539
6706
6835
7002
7131
162
291
458
587
754
883
1050
1179
1346
1475
1642
1771
1938
2067
2234
2363
2530
2659
2826
2955
3122
3251
3418
3547
3714
3843
4010
4139
4306
4435
4602
4731
4898
5027
5194
5323
5490
5619
5786
5915
6082
6211
6378
6507
6674
6803
6970
7099
130
259
426
555
722
851
1018
1147
1314
1443
1610
1739
1906
2035
2202
2331
2498
2627
2794
2923
3090
3219
3386
3515
3682
3811
3978
4107
4274
4403
4570
4699
4866
4995
5162
5291
5458
5587
5754
5883
6050
6179
6346
6475
6642
6771
6938
7067
98
227
394
523
690
819
986
1115
1282
1411
1578
1707
1874
2003
2170
2299
2466
2595
2762
2891
3058
3187
3354
3483
3650
3779
3946
4075
4242
4371
4538
4667
4834
4963
5130
5259
5426
5555
5722
5851
6018
6147
6314
6443
6610
6739
6906
7035
66
195
362
491
658
787
954
1083
1250
1379
1546
1675
1842
1971
2138
2267
2434
2563
2730
2859
3026
3155
3322
3451
3618
3747
3914
4043
4210
4339
4506
4635
4802
4931
5098
5227
5394
5523
5690
5819
5986
6115
6282
6411
6578
6707
6874
7003
34
163
330
459
626
755
922
1051
1218
1347
1514
1643
1810
1939
2106
2235
2402
2531
2698
2827
2994
3123
3290
3419
3586
3715
3882
4011
4178
4307
4474
4603
4770
4899
5066
5195
5362
5491
5658
5787
5954
6083
6250
6379
6546
6675
6842
6971
2
131
298
427
594
723
890
1019
1186
1315
1482
1611
1778
1907
2074
2203
2370
2499
2666
2795
2962
3091
3258
3387
3554
3683
3850
3979
4146
4275
4442
4571
4738
4867
5034
5163
5330
5459
5626
5755
5922
6051
6218
6347
6514
6643
6810
6939
7106
99
266
395
562
691
858
987
1154
1283
1450
1579
1746
1875
2042
2171
2338
2467
2634
2763
2930
3059
3226
3355
3522
3651
3818
3947
4114
4243
4410
4539
4706
4835
5002
5131
5298
5427
5594
5723
5890
6019
6186
6315
6482
6611
6778
6907
7074
67
234
363
530
659
826
955
1122
1251
1418
1547
1714
1843
2010
2139
2306
2435
2602
2731
2898
3027
3194
3323
3490
3619
3786
3915
4082
4211
4378
4507
4674
4803
4970
5099
5266
5395
5562
5691
5858
5987
6154
6283
6450
6579
6746
6875
7042
35
202
331
498
627
794
923
1090
1219
1386
1515
1682
1811
1978
2107
2274
2403
2570
2699
2866
2995
3162
3291
3458
3587
3754
3883
4050
4179
4346
4475
4642
4771
4938
5067
5234
5363
5530
5659
5826
5955
6122
6251
6418
6547
6714
6843
7010
1
168
249
416
497
664
745
912
993
1160
1241
1408
1489
1656
1737
1904
1985
2152
2233
2400
2481
2648
2729
2896
2977
3144
3225
3392
3473
3640
3721
3888
3969
4136
4217
4384
4465
4632
4713
4880
4961
5128
5209
5376
5457
5624
5705
5872
5953
6120
6201
6368
6449
6616
6697
6864
6945
7112
57
224
305
472
553
720
801
968
1049
1216
1297
1464
1545
1712
1793
1960
2041
2208
2289
2456
2537
2704
2785
2952
3033
3200
3281
3448
3529
3696
3777
3944
4025
4192
4273
4440
4521
4688
4769
4936
5017
5184
5265
5432
5513
5680
5761
5928
6009
6176
6257
6424
6505
6672
6753
6920
7001
32
113
280
361
528
609
776
857
1024
1105
1272
1353
1520
1601
1768
1849
2016
2097
2264
2345
2512
2593
2760
2841
3008
3089
3256
3337
3504
3585
3752
3833
4000
4081
4248
4329
4496
4577
4744
4825
4992
5073
5240
5321
5488
5569
5736
5817
5984
6065
6232
6313
6480
6561
6728
6809
6976
7057
88
169
336
417
584
665
832
913
1080
1161
1328
1409
1576
1657
1824
1905
2072
2153
2320
2401
2568
2649
2816
2897
3064
3145
3312
3393
3560
3641
3808
3889
4056
4137
4304
4385
4552
4633
4800
4881
5048
5129
5296
5377
5544
5625
5792
5873
6040
6121
6288
6369
6536
6617
6784
6865
7032
7113
144
225
392
473
640
721
888
969
1136
1217
1384
1465
1632
1713
1880
1961
2128
2209
2376
2457
2624
2705
2872
2953
3120
3201
3368
3449
3616
3697
3864
3945
4112
4193
4360
4441
4608
4689
4856
4937
5104
5185
5352
5433
5600
5681
5848
5929
6096
6177
6344
6425
6592
6673
6840
6921
7088
33
200
281
448
529
696
777
944
1025
1192
1273
1440
1521
1688
1769
1936
2017
2184
2265
2432
2513
2680
2761
2928
3009
3176
3257
3424
3505
3672
3753
3920
4001
4168
4249
4416
4497
4664
4745
4912
4993
5160
5241
5408
5489
5656
5737
5904
5985
6152
6233
6400
6481
6648
6729
6896
6977
8
89
256
337
504
585
752
833
1000
1081
1248
1329
1496
1577
1744
1825
1992
2073
2240
2321
2488
2569
2736
2817
2984
3065
3232
3313
3480
3561
3728
3809
3976
4057
4224
4305
4472
4553
4720
4801
4968
5049
5216
5297
5464
5545
5712
5793
5960
6041
6208
6289
6456
6537
6704
6785
6952
7033
64
145
312
393
560
641
808
889
1056
1137
1304
1385
1552
1633
1800
1881
2048
2129
2296
2377
2544
2625
2792
2873
3040
3121
3288
3369
3536
3617
3784
3865
4032
4113
4280
4361
4528
4609
4776
4857
5024
5105
5272
5353
5520
5601
5768
5849
6016
6097
6264
6345
6512
6593
6760
6841
7008
7089
120
201
368
449
616
697
864
945
1112
1193
1360
1441
1608
1689
1856
1937
2104
2185
2352
2433
2600
2681
2848
2929
3096
3177
3344
3425
3592
3673
3840
3921
4088
4169
4336
4417
4584
4665
4832
4913
5080
5161
5328
5409
5576
5657
5824
5905
6072
6153
6320
6401
6568
6649
6816
6897
7064
9
176
257
424
505
672
753
920
1001
1168
1249
1416
1497
1664
1745
1912
1993
2160
2241
2408
2489
2656
2737
2904
2985
3152
3233
3400
3481
3648
3729
3896
3977
4144
4225
4392
4473
4640
4721
4888
4969
5136
5217
5384
5465
5632
5713
5880
5961
6128
6209
6376
6457
6624
6705
6872
6953
7120
65
232
313
480
561
728
809
976
1057
1224
1305
1472
1553
1720
1801
1968
2049
2216
2297
2464
2545
2712
2793
2960
3041
3208
3289
3456
3537
3704
3785
3952
4033
4200
4281
4448
4529
4696
4777
4944
5025
5192
5273
5440
5521
5688
5769
5936
6017
6184
6265
6432
6513
6680
6761
6928
7009
40
121
288
369
536
617
784
865
1032
1113
1280
1361
1528
1609
1776
1857
2024
2105
2272
2353
2520
2601
2768
2849
3016
3097
3264
3345
3512
3593
3760
3841
4008
4089
4256
4337
4504
4585
4752
4833
5000
5081
5248
5329
5496
5577
5744
5825
5992
6073
6240
6321
6488
6569
6736
6817
6984
7065
96
177
344
425
592
673
840
921
1088
1169
1336
1417
1584
1665
1832
1913
2080
2161
2328
2409
2576
2657
2824
2905
3072
3153
3320
3401
3568
3649
3816
3897
4064
4145
4312
4393
4560
4641
4808
4889
5056
5137
5304
5385
5552
5633
5800
5881
6048
6129
6296
6377
6544
6625
6792
6873
7040
7121
152
233
400
481
648
729
896
977
1144
1225
1392
1473
1640
1721
1888
1969
2136
2217
2384
2465
2632
2713
2880
2961
3128
3209
3376
3457
3624
3705
3872
3953
4120
4201
4368
4449
4616
4697
4864
4945
5112
5193
5360
5441
5608
5689
5856
5937
6104
6185
6352
6433
6600
6681
6848
6929
7096
41
208
289
456
537
704
785
952
1033
1200
1281
1448
1529
1696
1777
1944
2025
2192
2273
2440
2521
2688
2769
2936
3017
3184
3265
3432
3513
3680
3761
3928
4009
4176
4257
4424
4505
4672
4753
4920
5001
5168
5249
5416
5497
5664
5745
5912
5993
6160
6241
6408
6489
6656
6737
6904
6985
16
97
264
345
512
593
760
841
1008
1089
1256
1337
1504
1585
1752
1833
2000
2081
2248
2329
2496
2577
2744
2825
2992
3073
3240
3321
3488
3569
3736
3817
3984
4065
4232
4313
4480
4561
4728
4809
4976
5057
5224
5305
5472
5553
5720
5801
5968
6049
6216
6297
6464
6545
6712
6793
6960
7041
72
153
320
401
568
649
816
897
1064
1145
1312
1393
1560
1641
1808
1889
2056
2137
2304
2385
2552
2633
2800
2881
3048
3129
3296
3377
3544
3625
3792
3873
4040
4121
4288
4369
4536
4617
4784
4865
5032
5113
5280
5361
5528
5609
5776
5857
6024
6105
6272
6353
6520
6601
6768
6849
7016
7097
128
209
376
457
624
705
872
953
1120
1201
1368
1449
1616
1697
1864
1945
2112
2193
2360
2441
2608
2689
2856
2937
3104
3185
3352
3433
3600
3681
3848
3929
4096
4177
4344
4425
4592
4673
4840
4921
5088
5169
5336
5417
5584
5665
5832
5913
6080
6161
6328
6409
6576
6657
6824
6905
7072
17
184
265
432
513
680
761
928
1009
1176
1257
1424
1505
1672
1753
1920
2001
2168
2249
2416
2497
2664
2745
2912
2993
3160
3241
3408
3489
3656
3737
3904
3985
4152
4233
4400
4481
4648
4729
4896
4977
5144
5225
5392
5473
5640
5721
5888
5969
6136
6217
6384
6465
6632
6713
6880
6961
7128
73
240
321
488
569
736
817
984
1065
1232
1313
1480
1561
1728
1809
1976
2057
2224
2305
2472
2553
2720
2801
2968
3049
3216
3297
3464
3545
3712
3793
3960
4041
4208
4289
4456
4537
4704
4785
4952
5033
5200
5281
5448
5529
5696
5777
5944
6025
6192
6273
6440
6521
6688
6769
6936
7017
48
129
296
377
544
625
792
873
1040
1121
1288
1369
1536
1617
1784
1865
2032
2113
2280
2361
2528
2609
2776
2857
3024
3105
3272
3353
3520
3601
3768
3849
4016
4097
4264
4345
4512
4593
4760
4841
5008
5089
5256
5337
5504
5585
5752
5833
6000
6081
6248
6329
6496
6577
6744
6825
6992
7073
104
185
352
433
600
681
848
929
1096
1177
1344
1425
1592
1673
1840
1921
2088
2169
2336
2417
2584
2665
2832
2913
3080
3161
3328
3409
3576
3657
3824
3905
4072
4153
4320
4401
4568
4649
4816
4897
5064
5145
5312
5393
5560
5641
5808
5889
6056
6137
6304
6385
6552
6633
6800
6881
7048
7129
160
241
408
489
656
737
904
985
1152
1233
1400
1481
1648
1729
1896
1977
2144
2225
2392
2473
2640
2721
2888
2969
3136
3217
3384
3465
3632
3713
3880
3961
4128
4209
4376
4457
4624
4705
4872
4953
5120
5201
5368
5449
5616
5697
5864
5945
6112
6193
6360
6441
6608
6689
6856
6937
7104
49
216
297
464
545
712
793
960
1041
1208
1289
1456
1537
1704
1785
1952
2033
2200
2281
2448
2529
2696
2777
2944
3025
3192
3273
3440
3521
3688
3769
3936
4017
4184
4265
4432
4513
4680
4761
4928
5009
5176
5257
5424
5505
5672
5753
5920
6001
6168
6249
6416
6497
6664
6745
6912
6993
24
105
272
353
520
601
768
849
1016
1097
1264
1345
1512
1593
1760
1841
2008
2089
2256
2337
2504
2585
2752
2833
3000
3081
3248
3329
3496
3577
3744
3825
3992
4073
4240
4321
4488
4569
4736
4817
4984
5065
5232
5313
5480
5561
5728
5809
5976
6057
6224
6305
6472
6553
6720
6801
6968
7049
80
161
328
409
576
657
824
905
1072
1153
1320
1401
1568
1649
1816
1897
2064
2145
2312
2393
2560
2641
2808
2889
3056
3137
3304
3385
3552
3633
3800
3881
4048
4129
4296
4377
4544
4625
4792
4873
5040
5121
5288
5369
5536
5617
5784
5865
6032
6113
6280
6361
6528
6609
6776
6857
7024
7105
136
217
384
465
632
713
880
961
1128
1209
1376
1457
1624
1705
1872
1953
2120
2201
2368
2449
2616
2697
2864
2945
3112
3193
3360
3441
3608
3689
3856
3937
4104
4185
4352
4433
4600
4681
4848
4929
5096
5177
5344
5425
5592
5673
5840
5921
6088
6169
6336
6417
6584
6665
6832
6913
7080
25
192
273
440
521
688
769
936
1017
1184
1265
1432
1513
1680
1761
1928
2009
2176
2257
2424
2505
2672
2753
2920
3001
3168
3249
3416
3497
3664
3745
3912
3993
4160
4241
4408
4489
4656
4737
4904
4985
5152
5233
5400
5481
5648
5729
5896
5977
6144
6225
6392
6473
6640
6721
6888
6969
0
81
248
329
496
577
744
825
992
1073
1240
1321
1488
1569
1736
1817
1984
2065
2232
2313
2480
2561
2728
2809
2976
3057
3224
3305
3472
3553
3720
3801
3968
4049
4216
4297
4464
4545
4712
4793
4960
5041
5208
5289
5456
5537
5704
5785
5952
6033
6200
6281
6448
6529
6696
6777
6944
7025
56
137
304
385
552
633
800
881
1048
1129
1296
1377
1544
1625
1792
1873
2040
2121
2288
2369
2536
2617
2784
2865
3032
3113
3280
3361
3528
3609
3776
3857
4024
4105
4272
4353
4520
4601
4768
4849
5016
5097
5264
5345
5512
5593
5760
5841
6008
6089
6256
6337
6504
6585
6752
6833
7000
7081
112
193
360
441
608
689
856
937
1104
1185
1352
1433
1600
1681
1848
1929
2096
2177
2344
2425
2592
2673
2840
2921
3088
3169
3336
3417
3584
3665
3832
3913
4080
4161
4328
4409
4576
4657
4824
4905
5072
5153
5320
5401
5568
5649
5816
5897
6064
6145
6312
6393
6560
6641
6808
6889
7056
7
174
383
550
759
926
1135
1302
1511
1678
1887
2054
2263
2430
2639
2806
3015
3182
3391
3558
3767
3934
4143
4310
4519
4686
4895
5062
5271
5438
5647
5814
6023
6190
6399
6566
6775
6942
15
182
391
558
767
934
1143
1310
1519
1686
1895
2062
2271
2438
2647
2814
3023
3190
3399
3566
3775
3942
4151
4318
4527
4694
4903
5070
5279
5446
5655
5822
6031
6198
6407
6574
6783
6950
23
190
399
566
775
942
1151
1318
1527
1694
1903
2070
2279
2446
2655
2822
3031
3198
3407
3574
3783
3950
4159
4326
4535
4702
4911
5078
5287
5454
5663
5830
6039
6206
6415
6582
6791
6958
31
198
407
574
783
950
1159
1326
1535
1702
1911
2078
2287
2454
2663
2830
3039
3206
3415
3582
3791
3958
4167
4334
4543
4710
4919
5086
5295
5462
5671
5838
6047
6214
6423
6590
6799
6966
39
206
415
582
791
958
1167
1334
1543
1710
1919
2086
2295
2462
2671
2838
3047
3214
3423
3590
3799
3966
4175
4342
4551
4718
4927
5094
5303
5470
5679
5846
6055
6222
6431
6598
6807
6974
47
214
423
590
799
966
1175
1342
1551
1718
1927
2094
2303
2470
2679
2846
3055
3222
3431
3598
3807
3974
4183
4350
4559
4726
4935
5102
5311
5478
5687
5854
6063
6230
6439
6606
6815
6982
55
222
431
598
807
974
1183
1350
1559
1726
1935
2102
2311
2478
2687
2854
3063
3230
3439
3606
3815
3982
4191
4358
4567
4734
4943
5110
5319
5486
5695
5862
6071
6238
6447
6614
6823
6990
63
230
439
606
815
982
1191
1358
1567
1734
1943
2110
2319
2486
2695
2862
3071
3238
3447
3614
3823
3990
4199
4366
4575
4742
4951
5118
5327
5494
5703
5870
6079
6246
6455
6622
6831
6998
71
238
447
614
823
990
1199
1366
1575
1742
1951
2118
2327
2494
2703
2870
3079
3246
3455
3622
3831
3998
4207
4374
4583
4750
4959
5126
5335
5502
5711
5878
6087
6254
6463
6630
6839
7006
79
246
455
622
831
998
1207
1374
1583
1750
1959
2126
2335
2502
2711
2878
3087
3254
3463
3630
3839
4006
4215
4382
4591
4758
4967
5134
5343
5510
5719
5886
6095
6262
6471
6638
6847
7014
87
254
463
630
839
1006
1215
1382
1591
1758
1967
2134
2343
2510
2719
2886
3095
3262
3471
3638
3847
4014
4223
4390
4599
4766
4975
5142
5351
5518
5727
5894
6103
6270
6479
6646
6855
7022
95
262
471
638
847
1014
1223
1390
1599
1766
1975
2142
2351
2518
2727
2894
3103
3270
3479
3646
3855
4022
4231
4398
4607
4774
4983
5150
5359
5526
5735
5902
6111
6278
6487
6654
6863
7030
103
270
479
646
855
1022
1231
1398
1607
1774
1983
2150
2359
2526
2735
2902
3111
3278
3487
3654
3863
4030
4239
4406
4615
4782
4991
5158
5367
5534
5743
5910
6119
6286
6495
6662
6871
7038
111
278
487
654
863
1030
1239
1406
1615
1782
1991
2158
2367
2534
2743
2910
3119
3286
3495
3662
3871
4038
4247
4414
4623
4790
4999
5166
5375
5542
5751
5918
6127
6294
6503
6670
6879
7046
119
286
495
662
871
1038
1247
1414
1623
1790
1999
2166
2375
2542
2751
2918
3127
3294
3503
3670
3879
4046
4255
4422
4631
4798
5007
5174
5383
5550
5759
5926
6135
6302
6511
6678
6887
7054
127
294
503
670
879
1046
1255
1422
1631
1798
2007
2174
2383
2550
2759
2926
3135
3302
3511
3678
3887
4054
4263
4430
4639
4806
5015
5182
5391
5558
5767
5934
6143
6310
6519
6686
6895
7062
135
302
511
678
887
1054
1263
1430
1639
1806
2015
2182
2391
2558
2767
2934
3143
3310
3519
3686
3895
4062
4271
4438
4647
4814
5023
5190
5399
5566
5775
5942
6151
6318
6527
6694
6903
7070
143
310
519
686
895
1062
1271
1438
1647
1814
2023
2190
2399
2566
2775
2942
3151
3318
3527
3694
3903
4070
4279
4446
4655
4822
5031
5198
5407
5574
5783
5950
6159
6326
6535
6702
6911
7078
151
318
527
694
903
1070
1279
1446
1655
1822
2031
2198
2407
2574
2783
2950
3159
3326
3535
3702
3911
4078
4287
4454
4663
4830
5039
5206
5415
5582
5791
5958
6167
6334
6543
6710
6919
7086
159
326
535
702
911
1078
1287
1454
1663
1830
2039
2206
2415
2582
2791
2958
3167
3334
3543
3710
3919
4086
4295
4462
4671
4838
5047
5214
5423
5590
5799
5966
6175
6342
6551
6718
6927
7094
167
334
543
710
919
1086
1295
1462
1671
1838
2047
2214
2423
2590
2799
2966
3175
3342
3551
3718
3927
4094
4303
4470
4679
4846
5055
5222
5431
5598
5807
5974
6183
6350
6559
6726
6935
7102
175
342
551
718
927
1094
1303
1470
1679
1846
2055
2222
2431
2598
2807
2974
3183
3350
3559
3726
3935
4102
4311
4478
4687
4854
5063
5230
5439
5606
5815
5982
6191
6358
6567
6734
6943
7110
183
350
559
726
935
1102
1311
1478
1687
1854
2063
2230
2439
2606
2815
2982
3191
3358
3567
3734
3943
4110
4319
4486
4695
4862
5071
5238
5447
5614
5823
5990
6199
6366
6575
6742
6951
7118
191
358
567
734
943
1110
1319
1486
1695
1862
2071
2238
2447
2614
2823
2990
3199
3366
3575
3742
3951
4118
4327
4494
4703
4870
5079
5246
5455
5622
5831
5998
6207
6374
6583
6750
6959
7126
199
366
575
742
951
1118
1327
1494
1703
1870
2079
2246
2455
2622
2831
2998
3207
3374
3583
3750
3959
4126
4335
4502
4711
4878
5087
5254
5463
5630
5839
6006
6215
6382
6591
6758
6967
7134
207
374
583
750
959
1126
1335
1502
1711
1878
2087
2254
2463
2630
2839
3006
3215
3382
3591
3758
3967
4134
4343
4510
4719
4886
5095
5262
5471
5638
5847
6014
6223
6390
6599
6766
6975
6
215
382
591
758
967
1134
1343
1510
1719
1886
2095
2262
2471
2638
2847
3014
3223
3390
3599
3766
3975
4142
4351
4518
4727
4894
5103
5270
5479
5646
5855
6022
6231
6398
6607
6774
6983
14
223
390
599
766
975
1142
1351
1518
1727
1894
2103
2270
2479
2646
2855
3022
3231
3398
3607
3774
3983
4150
4359
4526
4735
4902
5111
5278
5487
5654
5863
6030
6239
6406
6615
6782
6991
22
231
398
607
774
983
1150
1359
1526
1735
1902
2111
2278
2487
2654
2863
3030
3239
3406
3615
3782
3991
4158
4367
4534
4743
4910
5119
5286
5495
5662
5871
6038
6247
6414
6623
6790
6999
30
239
406
615
782
991
1158
1367
1534
1743
1910
2119
2286
2495
2662
2871
3038
3247
3414
3623
3790
3999
4166
4375
4542
4751
4918
5127
5294
5503
5670
5879
6046
6255
6422
6631
6798
7007
38
247
414
623
790
999
1166
1375
1542
1751
1918
2127
2294
2503
2670
2879
3046
3255
3422
3631
3798
4007
4174
4383
4550
4759
4926
5135
5302
5511
5678
5887
6054
6263
6430
6639
6806
7015
46
255
422
631
798
1007
1174
1383
1550
1759
1926
2135
2302
2511
2678
2887
3054
3263
3430
3639
3806
4015
4182
4391
4558
4767
4934
5143
5310
5519
5686
5895
6062
6271
6438
6647
6814
7023
54
263
430
639
806
1015
1182
1391
1558
1767
1934
2143
2310
2519
2686
2895
3062
3271
3438
3647
3814
4023
4190
4399
4566
4775
4942
5151
5318
5527
5694
5903
6070
6279
6446
6655
6822
7031
62
271
438
647
814
1023
1190
1399
1566
1775
1942
2151
2318
2527
2694
2903
3070
3279
3446
3655
3822
4031
4198
4407
4574
4783
4950
5159
5326
5535
5702
5911
6078
6287
6454
6663
6830
7039
70
279
446
655
822
1031
1198
1407
1574
1783
1950
2159
2326
2535
2702
2911
3078
3287
3454
3663
3830
4039
4206
4415
4582
4791
4958
5167
5334
5543
5710
5919
6086
6295
6462
6671
6838
7047
78
287
454
663
830
1039
1206
1415
1582
1791
1958
2167
2334
2543
2710
2919
3086
3295
3462
3671
3838
4047
4214
4423
4590
4799
4966
5175
5342
5551
5718
5927
6094
6303
6470
6679
6846
7055
86
295
462
671
838
1047
1214
1423
1590
1799
1966
2175
2342
2551
2718
2927
3094
3303
3470
3679
3846
4055
4222
4431
4598
4807
4974
5183
5350
5559
5726
5935
6102
6311
6478
6687
6854
7063
94
303
470
679
846
1055
1222
1431
1598
1807
1974
2183
2350
2559
2726
2935
3102
3311
3478
3687
3854
4063
4230
4439
4606
4815
4982
5191
5358
5567
5734
5943
6110
6319
6486
6695
6862
7071
102
311
478
687
854
1063
1230
1439
1606
1815
1982
2191
2358
2567
2734
2943
3110
3319
3486
3695
3862
4071
4238
4447
4614
4823
4990
5199
5366
5575
5742
5951
6118
6327
6494
6703
6870
7079
110
319
486
695
862
1071
1238
1447
1614
1823
1990
2199
2366
2575
2742
2951
3118
3327
3494
3703
3870
4079
4246
4455
4622
4831
4998
5207
5374
5583
5750
5959
6126
6335
6502
6711
6878
7087
118
327
494
703
870
1079
1246
1455
1622
1831
1998
2207
2374
2583
2750
2959
3126
3335
3502
3711
3878
4087
4254
4463
4630
4839
5006
5215
5382
5591
5758
5967
6134
6343
6510
6719
6886
7095
126
335
502
711
878
1087
1254
1463
1630
1839
2006
2215
2382
2591
2758
2967
3134
3343
3510
3719
3886
4095
4262
4471
4638
4847
5014
5223
5390
5599
5766
5975
6142
6351
6518
6727
6894
7103
134
343
510
719
886
1095
1262
1471
1638
1847
2014
2223
2390
2599
2766
2975
3142
3351
3518
3727
3894
4103
4270
4479
4646
4855
5022
5231
5398
5607
5774
5983
6150
6359
6526
6735
6902
7111
142
351
518
727
894
1103
1270
1479
1646
1855
2022
2231
2398
2607
2774
2983
3150
3359
3526
3735
3902
4111
4278
4487
4654
4863
5030
5239
5406
5615
5782
5991
6158
6367
6534
6743
6910
7119
150
359
526
735
902
1111
1278
1487
1654
1863
2030
2239
2406
2615
2782
2991
3158
3367
3534
3743
3910
4119
4286
4495
4662
4871
5038
5247
5414
5623
5790
5999
6166
6375
6542
6751
6918
7127
158
367
534
743
910
1119
1286
1495
1662
1871
2038
2247
2414
2623
2790
2999
3166
3375
3542
3751
3918
4127
4294
4503
4670
4879
5046
5255
5422
5631
5798
6007
6174
6383
6550
6759
6926
7135
166
375
542
751
918
1127
1294
1503
1670
1879
2046
2255
2422
2631
2798
3007
3174
3383
3550
3759
3926
4135
4302
4511
4678
4887
5054
5263
5430
5639
5806
6015
6182
6391
6558
6767
6934
5
172
349
516
693
860
1037
1204
1381
1548
1725
1892
2069
2236
2413
2580
2757
2924
3101
3268
3445
3612
3789
3956
4133
4300
4477
4644
4821
4988
5165
5332
5509
5676
5853
6020
6197
6364
6541
6708
6885
7052
93
260
437
604
781
948
1125
1292
1469
1636
1813
1980
2157
2324
2501
2668
2845
3012
3189
3356
3533
3700
3877
4044
4221
4388
4565
4732
4909
5076
5253
5420
5597
5764
5941
6108
6285
6452
6629
6796
6973
4
181
348
525
692
869
1036
1213
1380
1557
1724
1901
2068
2245
2412
2589
2756
2933
3100
3277
3444
3621
3788
3965
4132
4309
4476
4653
4820
4997
5164
5341
5508
5685
5852
6029
6196
6373
6540
6717
6884
7061
92
269
436
613
780
957
1124
1301
1468
1645
1812
1989
2156
2333
2500
2677
2844
3021
3188
3365
3532
3709
3876
4053
4220
4397
4564
4741
4908
5085
5252
5429
5596
5773
5940
6117
6284
6461
6628
6805
6972
13
180
357
524
701
868
1045
1212
1389
1556
1733
1900
2077
2244
2421
2588
2765
2932
3109
3276
3453
3620
3797
3964
4141
4308
4485
4652
4829
4996
5173
5340
5517
5684
5861
6028
6205
6372
6549
6716
6893
7060
101
268
445
612
789
956
1133
1300
1477
1644
1821
1988
2165
2332
2509
2676
2853
3020
3197
3364
3541
3708
3885
4052
4229
4396
4573
4740
4917
5084
5261
5428
5605
5772
5949
6116
6293
6460
6637
6804
6981
12
189
356
533
700
877
1044
1221
1388
1565
1732
1909
2076
2253
2420
2597
2764
2941
3108
3285
3452
3629
3796
3973
4140
4317
4484
4661
4828
5005
5172
5349
5516
5693
5860
6037
6204
6381
6548
6725
6892
7069
100
277
444
621
788
965
1132
1309
1476
1653
1820
1997
2164
2341
2508
2685
2852
3029
3196
3373
3540
3717
3884
4061
4228
4405
4572
4749
4916
5093
5260
5437
5604
5781
5948
6125
6292
6469
6636
6813
6980
21
188
365
532
709
876
1053
1220
1397
1564
1741
1908
2085
2252
2429
2596
2773
2940
3117
3284
3461
3628
3805
3972
4149
4316
4493
4660
4837
5004
5181
5348
5525
5692
5869
6036
6213
6380
6557
6724
6901
7068
109
276
453
620
797
964
1141
1308
1485
1652
1829
1996
2173
2340
2517
2684
2861
3028
3205
3372
3549
3716
3893
4060
4237
4404
4581
4748
4925
5092
5269
5436
5613
5780
5957
6124
6301
6468
6645
6812
6989
20
197
364
541
708
885
1052
1229
1396
1573
1740
1917
2084
2261
2428
2605
2772
2949
3116
3293
3460
3637
3804
3981
4148
4325
4492
4669
4836
5013
5180
5357
5524
5701
5868
6045
6212
6389
6556
6733
6900
7077
108
285
452
629
796
973
1140
1317
1484
1661
1828
2005
2172
2349
2516
2693
2860
3037
3204
3381
3548
3725
3892
4069
4236
4413
4580
4757
4924
5101
5268
5445
5612
5789
5956
6133
6300
6477
6644
6821
6988
29
196
373
540
717
884
1061
1228
1405
1572
1749
1916
2093
2260
2437
2604
2781
2948
3125
3292
3469
3636
3813
3980
4157
4324
4501
4668
4845
5012
5189
5356
5533
5700
5877
6044
6221
6388
6565
6732
6909
7076
117
284
461
628
805
972
1149
1316
1493
1660
1837
2004
2181
2348
2525
2692
2869
3036
3213
3380
3557
3724
3901
4068
4245
4412
4589
4756
4933
5100
5277
5444
5621
5788
5965
6132
6309
6476
6653
6820
6997
28
205
372
549
716
893
1060
1237
1404
1581
1748
1925
2092
2269
2436
2613
2780
2957
3124
3301
3468
3645
3812
3989
4156
4333
4500
4677
4844
5021
5188
5365
5532
5709
5876
6053
6220
6397
6564
6741
6908
7085
116
293
460
637
804
981
1148
1325
1492
1669
1836
2013
2180
2357
2524
2701
2868
3045
3212
3389
3556
3733
3900
4077
4244
4421
4588
4765
4932
5109
5276
5453
5620
5797
5964
6141
6308
6485
6652
6829
6996
37
204
381
548
725
892
1069
1236
1413
1580
1757
1924
2101
2268
2445
2612
2789
2956
3133
3300
3477
3644
3821
3988
4165
4332
4509
4676
4853
5020
5197
5364
5541
5708
5885
6052
6229
6396
6573
6740
6917
7084
125
292
469
636
813
980
1157
1324
1501
1668
1845
2012
2189
2356
2533
2700
2877
3044
3221
3388
3565
3732
3909
4076
4253
4420
4597
4764
4941
5108
5285
5452
5629
5796
5973
6140
6317
6484
6661
6828
7005
36
213
380
557
724
901
1068
1245
1412
1589
1756
1933
2100
2277
2444
2621
2788
2965
3132
3309
3476
3653
3820
3997
4164
4341
4508
4685
4852
5029
5196
5373
5540
5717
5884
6061
6228
6405
6572
6749
6916
7093
124
301
468
645
812
989
1156
1333
1500
1677
1844
2021
2188
2365
2532
2709
2876
3053
3220
3397
3564
3741
3908
4085
4252
4429
4596
4773
4940
5117
5284
5461
5628
5805
5972
6149
6316
6493
6660
6837
7004
45
212
389
556
733
900
1077
1244
1421
1588
1765
1932
2109
2276
2453
2620
2797
2964
3141
3308
3485
3652
3829
3996
4173
4340
4517
4684
4861
5028
5205
5372
5549
5716
5893
6060
6237
6404
6581
6748
6925
7092
133
300
477
644
821
988
1165
1332
1509
1676
1853
2020
2197
2364
2541
2708
2885
3052
3229
3396
3573
3740
3917
4084
4261
4428
4605
4772
4949
5116
5293
5460
5637
5804
5981
6148
6325
6492
6669
6836
7013
44
221
388
565
732
909
1076
1253
1420
1597
1764
1941
2108
2285
2452
2629
2796
2973
3140
3317
3484
3661
3828
4005
4172
4349
4516
4693
4860
5037
5204
5381
5548
5725
5892
6069
6236
6413
6580
6757
6924
7101
132
309
476
653
820
997
1164
1341
1508
1685
1852
2029
2196
2373
2540
2717
2884
3061
3228
3405
3572
3749
3916
4093
4260
4437
4604
4781
4948
5125
5292
5469
5636
5813
5980
6157
6324
6501
6668
6845
7012
53
220
397
564
741
908
1085
1252
1429
1596
1773
1940
2117
2284
2461
2628
2805
2972
3149
3316
3493
3660
3837
4004
4181
4348
4525
4692
4869
5036
5213
5380
5557
5724
5901
6068
6245
6412
6589
6756
6933
7100
141
308
485
652
829
996
1173
1340
1517
1684
1861
2028
2205
2372
2549
2716
2893
3060
3237
3404
3581
3748
3925
4092
4269
4436
4613
4780
4957
5124
5301
5468
5645
5812
5989
6156
6333
6500
6677
6844
7021
52
229
396
573
740
917
1084
1261
1428
1605
1772
1949
2116
2293
2460
2637
2804
2981
3148
3325
3492
3669
3836
4013
4180
4357
4524
4701
4868
5045
5212
5389
5556
5733
5900
6077
6244
6421
6588
6765
6932
7109
140
317
484
661
828
1005
1172
1349
1516
1693
1860
2037
2204
2381
2548
2725
2892
3069
3236
3413
3580
3757
3924
4101
4268
4445
4612
4789
4956
5133
5300
5477
5644
5821
5988
6165
6332
6509
6676
6853
7020
61
228
405
572
749
916
1093
1260
1437
1604
1781
1948
2125
2292
2469
2636
2813
2980
3157
3324
3501
3668
3845
4012
4189
4356
4533
4700
4877
5044
5221
5388
5565
5732
5909
6076
6253
6420
6597
6764
6941
7108
149
316
493
660
837
1004
1181
1348
1525
1692
1869
2036
2213
2380
2557
2724
2901
3068
3245
3412
3589
3756
3933
4100
4277
4444
4621
4788
4965
5132
5309
5476
5653
5820
5997
6164
6341
6508
6685
6852
7029
60
237
404
581
748
925
1092
1269
1436
1613
1780
1957
2124
2301
2468
2645
2812
2989
3156
3333
3500
3677
3844
4021
4188
4365
4532
4709
4876
5053
5220
5397
5564
5741
5908
6085
6252
6429
6596
6773
6940
7117
148
325
492
669
836
1013
1180
1357
1524
1701
1868
2045
2212
2389
2556
2733
2900
3077
3244
3421
3588
3765
3932
4109
4276
4453
4620
4797
4964
5141
5308
5485
5652
5829
5996
6173
6340
6517
6684
6861
7028
69
236
413
580
757
924
1101
1268
1445
1612
1789
1956
2133
2300
2477
2644
2821
2988
3165
3332
3509
3676
3853
4020
4197
4364
4541
4708
4885
5052
5229
5396
5573
5740
5917
6084
6261
6428
6605
6772
6949
7116
157
324
501
668
845
1012
1189
1356
1533
1700
1877
2044
2221
2388
2565
2732
2909
3076
3253
3420
3597
3764
3941
4108
4285
4452
4629
4796
4973
5140
5317
5484
5661
5828
6005
6172
6349
6516
6693
6860
7037
68
245
412
589
756
933
1100
1277
1444
1621
1788
1965
2132
2309
2476
2653
2820
2997
3164
3341
3508
3685
3852
4029
4196
4373
4540
4717
4884
5061
5228
5405
5572
5749
5916
6093
6260
6437
6604
6781
6948
7125
156
333
500
677
844
1021
1188
1365
1532
1709
1876
2053
2220
2397
2564
2741
2908
3085
3252
3429
3596
3773
3940
4117
4284
4461
4628
4805
4972
5149
5316
5493
5660
5837
6004
6181
6348
6525
6692
6869
7036
77
244
421
588
765
932
1109
1276
1453
1620
1797
1964
2141
2308
2485
2652
2829
2996
3173
3340
3517
3684
3861
4028
4205
4372
4549
4716
4893
5060
5237
5404
5581
5748
5925
6092
6269
6436
6613
6780
6957
7124
165
332
509
676
853
1020
1197
1364
1541
1708
1885
2052
2229
2396
2573
2740
2917
3084
3261
3428
3605
3772
3949
4116
4293
4460
4637
4804
4981
5148
5325
5492
5669
5836
6013
6180
6357
6524
6701
6868
7045
76
253
420
597
764
941
1108
1285
1452
1629
1796
1973
2140
2317
2484
2661
2828
3005
3172
3349
3516
3693
3860
4037
4204
4381
4548
4725
4892
5069
5236
5413
5580
5757
5924
6101
6268
6445
6612
6789
6956
7133
164
341
508
685
852
1029
1196
1373
1540
1717
1884
2061
2228
2405
2572
2749
2916
3093
3260
3437
3604
3781
3948
4125
4292
4469
4636
4813
4980
5157
5324
5501
5668
5845
6012
6189
6356
6533
6700
6877
7044
85
252
429
596
773
940
1117
1284
1461
1628
1805
1972
2149
2316
2493
2660
2837
3004
3181
3348
3525
3692
3869
4036
4213
4380
4557
4724
4901
5068
5245
5412
5589
5756
5933
6100
6277
6444
6621
6788
6965
7132
173
340
517
684
861
1028
1205
1372
1549
1716
1893
2060
2237
2404
2581
2748
2925
3092
3269
3436
3613
3780
3957
4124
4301
4468
4645
4812
4989
5156
5333
5500
5677
5844
6021
6188
6365
6532
6709
6876
7053
84
261
428
605
772
949
1116
1293
1460
1637
1804
1981
2148
2325
2492
2669
2836
3013
3180
3357
3524
3701
3868
4045
4212
4389
4556
4733
4900
5077
5244
5421
5588
5765
5932
6109
6276
6453
6620
6797
6964
